1384,3335,4282,1522,2651,4985,2819,1939,2222,1736,2910,3949,3828,4651,1384,3335,4282,2296,3542,4927
3168,2987,892,3572,2797,3225,2650,4558,1129,4826,3168,2987,892,4445,1597,1276,1459,2828,3572,1361
305,1661,3704,3021,4596,1530,72,712,4912,1836,2435,1073,495,3655,2143,4051,248,4270,863,1356
4596,2112,1202,2469,72,1191,816,1708,799,637,692,438,2178,4286,4341,4596,922,3210,4980,1673
1503,1405,1354,851,1784,142,4123,3688,1927,1125,458,4932,2608,687,429,926,3360,537,2098,4658
1169,3873,2773,3298,1715,2673,3926,1071,2656,3905,2246,3204,2520,3776,144,3780,1169,4645,4598,711
919,367,2489,185,4098,1256,192,2587,693,3194,2764,3971,4570,919,3557,2487,367,935,2792,4825
1280,3562,3486,3602,3373,2482,4640,4819,1533,1372,1280,3562,2363,2643,3486,3602,3173,1828,4421,3373
3397,4223,4894,3440,3722,1217,557,4381,2953,4700,3397,4223,4894,3440,4994,3722,1217,557,32,564
1280,3562,3602,3373,2482,1533,4640,4819,3486,1372,1280,2363,3562,3173,3602,2643,1828,3373,4421,63
1699,814,3974,3494,2156,723,3408,4695,4617,3970,3428,2879,1297,4682,3379,2522,494,3716,3024,677
2631,380,2542,3344,843,2975,2188,2291,2010,796,2254,2705,3137,262,166,3774,402,2631,2763,4823
4647,2079,4362,1247,3578,4818,271,689,2767,2831,4647,2079,4362,1247,3578,4818,271,567,689,2767
822,4631,2937,3307,2868,2894,875,4204,2174,3099,822,4241,1512,1735,1406,687,424,3439,458,1503
3653,1252,4537,1843,1284,3347,2234,534,1960,1808,1838,4725,442,3653,1252,1223,2453,4161,908,4456
3155,4631,3427,2868,3504,4383,2263,2983,4423,3868,3056,3924,3155,4631,1020,3993,1406,2061,2098,2576
3870,1472,2745,3597,3275,4755,2147,652,880,4821,1521,975,3870,1472,2745,350,4903,3597,3275,4755
4637,291,949,660,1876,1673,1754,1919,49,106,196,4637,4838,2878,3757,3596,1785,291,4814,508
1876,4775,3114,4286,4262,1673,4704,4248,1719,291,1498,1876,4838,2399,1066,4775,4552,3903,2877,748
210,2635,2070,3358,4848,3582,2216,1396,3432,1583,210,2635,2070,3358,4848,3582,2887,2216,1396,3432
822,875,1688,2983,2174,4277,3307,1629,3875,2126,2974,3203,4932,4689,1649,3137,3585,545,4623,4496
1901,3549,4353,1573,94,855,480,315,2879,1198,1901,3549,4792,1000,575,2459,4353,3074,1966,2979
1102,1020,1406,674,3960,2593,1185,2177,3871,4005,1102,1020,1406,674,3960,2593,3307,1185,2177,1688
1353,2193,756,3094,1144,2369,2404,467,1139,1792,1353,4616,824,4668,2193,3804,2286,756,2754,4211
89,968,499,2307,2733,3177,4556,567,2944,3426,1993,2141,1675,1136,271,1269,3316,447,3249,614
2251,3531,878,627,3767,2567,2048,622,1322,1912,2251,3531,878,4470,627,3767,1351,3861,216,351
2954,793,1820,4828,3310,4781,3537,2284,3898,2664,2954,793,3535,1820,4828,3310,4781,3537,3339,2284
2167,1598,1979,488,3861,792,611,4122,2006,472,2863,3954,4742,1959,2630,1364,1052,2310,2567,1028
3660,3984,4167,4422,733,3127,335,626,3370,2531,3660,2968,3984,4167,154,2012,4422,1604,733,4624
1548,1857,2502,845,2295,1934,2120,2116,2557,268,1548,1857,1130,3678,193,2502,645,1513,1660,2339
2455,2653,1034,3343,855,3152,3105,4303,1152,2175,467,3003,1589,2455,4753,1630,443,2565,2511,3580
1267,2075,1448,3783,4229,2157,3353,4548,424,209,4040,1005,1952,4658,1267,2426,2062,1285,2075,190
408,128,2843,1756,1302,1377,1537,577,137,2019,408,128,755,4628,2843,1756,2103,2252,1578,1302
847,1076,593,4896,1795,3983,3510,4185,195,31,3657,1365,847,4478,4471,1076,593,2847,3120,1776
4911,1520,1536,2629,2211,1637,1687,317,4398,4526,2380,4911,2361,1741,4646,4432,1762,1686,108,1549
4841,2076,1542,2566,3230,4088,4623,3007,2333,4337,164,4841,2076,1542,1629,1246,877,538,838,3667
3311,578,1129,1993,1136,447,924,4780,3454,984,4679,3311,4972,1604,3831,157,2220,3370,417,3482
4693,2845,3331,2120,3933,1548,1857,1934,3637,2950,1689,3180,4693,4858,1518,645,3315,1850,1697,1569
1448,3466,424,3601,910,1541,4229,4073,1156,1534,3784,4708,2608,3203,2098,875,1397,545,458,2177
3661,588,2353,106,631,1359,4248,4446,4475,1919,3661,3337,588,2353,106,859,3798,4272,631,1359
4297,2373,2084,483,1745,2060,4243,4278,4657,4305,4334,1844,4546,2903,270,3755,1970,4297,2373,1242
3007,3230,4623,3936,4337,1697,4088,842,4841,2566,4076,3007,2637,3230,1569,4623,276,4876,16,1721
3904,2264,1496,2638,1475,2630,3135,3954,818,4700,3904,4673,2264,4680,1496,2638,1351,4742,1475,2630
797,2164,4419,4965,42,4839,2649,1159,3112,2717,797,2164,2625,4230,4419,2584,2063,3090,1077,4965
3742,3613,1367,2785,4467,3123,4856,311,1000,326,3742,3613,1367,4306,377,1402,3854,2785,4493,4003
2793,2861,51,2879,1376,4353,2394,2463,4430,1901,395,3974,1947,4610,1782,4411,4962,2793,3169,723
2344,4564,95,4662,1610,3912,4568,596,3589,4398,2344,3970,3898,4564,95,2307,2913,3785,2532,4662
3621,3549,1376,4048,3897,1198,2879,1901,94,3718,3811,4014,2598,266,4668,2314,3185,827,3987,1106
339,326,3724,3147,4885,1990,318,4933,1132,4145,2675,2445,3190,339,1168,1854,4569,3289,1515,4931
567,4322,463,3177,829,110,1499,1545,1671,4612,4835,1853,1119,3967,3454,763,2109,4647,786,2196
3406,3788,3331,1950,3265,481,4821,2950,1473,2753,3943,1596,3230,2521,4156,3406,2280,4337,1897,2603
2217,1198,94,3718,1,3556,3821,3549,3897,1376,2519,3399,3474,2731,2217,1198,3986,4569,1878,326
4044,4830,3018,2073,369,2133,3942,3136,3227,1889,4044,4830,3610,2521,3018,3766,478,4439,2073,309
1995,673,3439,2877,2930,3584,926,3266,2718,681,3231,1995,2322,4829,1456,1569,4932,673,2188,3439
4968,1188,1607,358,2083,4583,3830,3050,3001,1955,2396,4667,4968,1188,1607,358,2387,57,2911,728
669,3888,4686,3284,4853,4145,1885,3030,2208,2569,3284,619,4490,4415,701,4974,2825,4597,4744,303
3546,262,2044,2763,3585,1463,3203,809,1943,330,1688,3546,262,2291,3307,2397,2044,2763,3585,757
3129,4835,4925,2409,2828,1119,2109,944,954,1879,2024,786,4626,4183,3129,3274,3093,4835,1478,3300
245,3134,356,4758,1371,3263,2011,1357,2460,3242,245,3134,356,4758,1371,3263,2011,1357,2460,3242
2647,3542,726,283,952,1588,703,1274,4561,3232,2647,4579,3542,726,1598,4265,4751,2006,488,1736
3152,1034,2455,3343,2175,2653,3411,3040,1050,855,436,3152,3130,134,806,554,3740,1201,3558,3003
4866,261,4450,3811,4890,4014,4668,3561,3810,2314,4211,2128,1177,1566,4866,3493,2805,1106,3591,1455
1717,4064,1075,2253,1459,3957,3118,548,2190,2815,2691,4729,3361,3046,1717,1886,2510,4064,2180,1075
4548,3783,3353,2176,1774,4272,439,4229,2075,1286,2556,1681,897,876,1399,4382,729,1005,2062,3166
366,672,4323,1750,3015,3078,4418,1647,905,602,366,672,216,4323,1750,3503,3015,3078,4418,1647
4192,2264,3767,3954,4894,818,2980,1369,2218,2057,4742,4192,3359,2264,3767,3954,4994,3861,4894,818
763,2943,2105,4183,2183,2734,1749,112,4609,1075,786,763,3129,2840,1247,2943,1453,2105,4183,2183
2992,2664,3310,4828,1775,4818,4458,793,1595,3630,2992,2664,3310,4828,1775,4818,4458,793,1595,3630
4861,2380,1320,1297,1747,1679,3855,1471,2624,3066,4202,1489,601,2192,2743,2091,4861,3422,3643,1304
3172,2322,4689,877,4117,1794,1943,3808,4829,1463,3172,1811,2333,2322,2994,4689,1503,877,4117,4841
1808,2619,3050,1827,1398,4968,2806,4329,67,2545,2586,1808,3977,3846,2297,3281,2619,3489,1551,623
1497,2753,3265,4313,242,481,2792,2798,3407,2642,1497,1140,3239,3882,3194,1728,647,2753,3265,4356
4720,3937,2475,4268,1875,1848,2772,806,1557,377,1815,4720,3937,2475,4482,4268,1875,2499,4534,436
4885,326,4933,3723,906,3961,4373,4145,238,1203,4931,1515,1500,1635,4885,751,4630,3399,326,1989
4516,2975,935,1866,2777,2291,2327,2710,2726,1720,3809,2872,2588,523,3877,910,4342,4812,2160,864
4318,3845,3926,2255,3858,4790,1019,3787,2997,2649,4318,3381,483,3845,3926,2998,2255,3858,3918,4790
78,2733,1054,3030,2388,2581,1671,524,1166,1494,925,1250,78,2664,3898,3295,2040,2273,1595,2992
830,4137,841,213,3581,3060,4240,1142,3238,3309,830,4137,841,213,3581,3060,4240,1142,3238,3309
400,4759,1843,1827,1516,1655,1151,1039,3332,2274,4551,1675,400,3316,2141,3213,2604,4873,2211,4594
611,1598,2167,411,472,488,2006,4358,1244,3609,1041,2493,611,4535,1612,1598,4020,489,2821,831
108,3375,2610,2334,4399,85,511,4259,4613,4678,3388,1820,793,761,4676,2607,108,3375,4828,3898
4801,957,659,2796,3041,1299,1963,1111,1364,3342,4801,957,2407,1535,659,4528,2796,3041,1299,4004
786,2050,3046,1281,2729,157,1604,2822,4970,2743,1634,2425,4048,2663,2109,1119,1567,3348,786,4835
3232,726,4469,3681,336,283,703,1303,3812,952,3232,726,4469,4579,1384,3681,336,4528,283,2827
1557,1875,3937,1848,806,4268,2844,668,4720,4905,1557,1875,3937,2499,1848,3130,806,4482,1815,4268
423,1726,260,3474,4201,2713,4157,1565,4941,3728,423,2342,4462,1726,260,3548,1024,3715,2859,4014
843,2291,1703,2777,796,2188,2631,4991,4523,2975,2997,3412,3029,3349,3189,1700,3918,3515,782,977
976,4691,1431,3063,2714,514,1880,1361,4897,2888,976,2818,68,1124,4691,4641,3957,1431,3063,4130
3710,2671,2313,2998,124,148,1219,2572,3734,2887,4657,3710,3476,3622,483,2671,3582,4292,2084,4243
2167,3861,275,1818,792,1817,32,4219,2356,488,4712,2980,4418,3767,3738,2167,564,3226,4700,818
4781,2954,2838,2365,4828,2284,3645,3310,1820,3630,4207,4781,4595,3723,2954,3535,2838,3744,2365,1031
3273,101,863,3655,1213,3554,1787,1612,4397,302,653,3273,101,863,3655,1213,3554,1787,1612,603
203,3377,2687,4954,4551,881,2124,1823,2335,1056,203,4916,3377,2041,4788,2687,3785,1662,4954,3977
1621,1092,3446,2173,1895,2848,854,3843,3462,1306,1948,1430,1621,158,1092,3446,2628,2173,1895,1036
2625,2631,1672,1703,2542,2291,843,2188,4523,2975,362,169,4230,797,3189,2625,1523,2874,1467,2997
4164,1502,1997,1155,3256,4198,3676,1208,4302,1740,4164,1502,1997,1155,4992,3256,4498,428,700,4198
3632,3062,2692,720,4776,4030,4760,33,1996,3421,3632,3062,2692,3540,720,4776,4030,4760,2995,1491
126,1980,2772,2303,4720,3779,1967,449,407,2372,126,1980,2772,2303,4720,4175,3779,1967,449,996
2706,3692,2489,2765,2316,405,4070,1352,693,367,2706,3692,2489,4821,2765,2316,405,4070,1352,4570
3496,1643,3590,783,865,927,3282,629,2953,3801,3496,1643,2437,3590,783,865,927,145,2757,3282
1478,127,4727,641,1414,894,4824,4707,2957,2908,1478,2104,127,2024,1604,3372,2535,3719,4727,641
2676,3607,1097,3143,1578,2252,4361,4919,2775,4407,2309,4195,2317,995,4025,3009,2889,2720,2936,747
4458,271,3310,2986,4263,3537,2079,4818,2831,1775,4458,271,3310,2986,4263,3537,2079,4818,2831,1775
1924,4652,1557,1848,668,3438,2659,806,4363,4268,994,1924,4652,39,35,1557,1848,468,2419,668
2866,2205,2496,46,4697,1241,4160,3276,2570,4833,2869,3418,1037,4405,4893,1232,2866,2205,2396,2496
88,4707,3345,2195,3482,894,1478,605,2923,1444,3311,88,2535,4707,3345,2195,4061,3482,894,447
4709,1503,1354,4123,2026,1329,3688,2178,4752,3302,2593,4225,1950,3172,4623,3495,930,4709,1696,4841
3482,4662,410,605,1427,4526,1414,3733,4817,2908,4441,2307,1972,102,3482,4662,4774,1662,2047,1281
1517,1509,3619,1214,1135,2592,3101,1351,1891,3226,1517,3104,1509,3619,1214,382,1328,3067,1135,2013
1041,4561,2647,2014,283,2474,1147,3681,489,3317,488,1041,2006,1598,4561,4265,472,2647,4535,831
551,3028,388,2292,2122,3301,3044,3901,3009,2589,2936,2775,3620,551,3506,1289,3028,526,4719,3570
3496,1643,3801,1750,865,629,3702,2632,783,951,3496,1643,3801,1750,865,629,3298,3702,2632,783
4889,2563,2741,4654,3717,306,1831,1282,2739,3121,4889,2563,2741,4654,3717,306,1831,1282,2739,3121
4329,1808,1827,2140,1874,4968,826,2545,2806,3332,4329,1808,3977,4785,3281,4594,1778,1551,1797,203
2614,805,3630,2664,4443,2338,1074,3662,4828,3953,2614,805,3630,1087,2664,4443,4373,732,773,2338
1404,3758,4217,1715,2651,2773,1508,3905,883,2656,1404,2467,4505,2231,2918,146,4767,61,1550,2867
287,577,1676,3853,2480,1298,1788,3651,2935,2829,2134,978,287,577,1910,734,1676,3853,2480,757
3320,1012,2686,1207,4253,2473,3878,956,3025,1311,2812,1440,3320,852,3843,1189,1603,208,1012,2686
928,4141,637,4169,3047,4146,4528,1896,341,148,1602,4358,4332,1665,928,2441,4020,655,3444,3964
4422,636,3127,3270,4238,3953,3793,3840,4317,4167,4422,636,3127,2344,3270,2733,4238,3953,3793,2650
4470,4417,4986,4864,73,3503,3038,3057,2528,321,3677,267,2251,627,2315,878,873,351,4470,2965
4183,2579,127,763,3348,1567,1478,4683,1749,2183,786,3248,4322,1281,778,4183,4835,2047,2579,127
2026,1452,1311,1858,4709,296,3016,1890,3873,1503,1470,3111,4823,2870,2961,1300,457,785,2999,3982
3984,733,2457,4422,4868,3127,1529,4238,1873,1182,1361,2142,1459,1799,3984,4492,3398,2968,2650,3168
1301,2563,3717,3121,4889,3097,4653,1852,1416,386,1301,2563,3717,3121,4889,3097,4653,1852,1416,386
3304,382,2382,2510,879,2641,4223,2467,4063,2229,3647,4483,32,1717,3304,2410,2442,2180,580,1272
4985,3688,1329,1503,3468,4752,142,1354,3302,4123,4005,926,3783,4985,745,3688,3439,458,4229,225
1251,1760,4960,4946,4033,2093,4016,1006,1227,4299,1251,1760,4960,4946,3044,4033,2069,2093,4016,1006
3940,4003,4787,4544,828,1173,1659,2890,1727,1635,3940,3935,4003,4787,4157,510,2912,4544,828,316
786,3046,207,2743,2729,1604,675,540,4119,1281,2438,644,786,3046,1682,924,2691,2751,894,4820
4027,696,1132,3074,318,326,1524,4373,3179,2381,4251,1966,2459,266,2522,130,2755,3235,1859,2731
4718,1621,2848,3934,1822,1603,1239,854,1433,1480,4718,1621,2848,4866,579,3934,1822,1603,1239,854
2379,1015,1396,4848,2645,3358,3924,3326,3582,1339,3973,2379,3903,1719,1015,1396,3618,4985,3671,4848
4729,3304,944,2409,2382,4519,602,4433,3713,2510,4729,3304,944,1591,2190,3107,2409,565,2382,1276
926,4180,3852,3439,3994,3618,1952,729,4067,1285,4634,3360,3925,4229,429,4631,209,3593,4658,458
776,1394,3176,1491,1107,4830,764,3540,3219,265,776,2960,8,4796,1394,3707,3176,4273,3508,1412
2089,4050,2579,4438,3341,1414,4667,4526,396,4727,2089,4050,1823,2579,57,4438,2047,1188,3431,3341
3549,2793,1198,480,2879,94,51,1152,1901,3105,1253,2004,1737,3402,4856,3715,4462,2342,547,1902
3346,1029,4251,725,3334,705,2789,2513,43,4256,4120,1226,585,3235,916,3399,1168,4057,4617,3346
4254,1844,2978,2903,4334,1186,4908,1970,960,3378,4254,1844,2978,2903,4127,4334,4546,1186,4908,1970
2235,1478,894,4533,2818,3118,2412,1749,9,2195,2159,786,4893,2235,2229,3129,1478,894,3361,4533
1361,4691,56,4515,1880,2546,1431,1826,3125,2529,3810,1361,733,1459,4492,3561,2457,2968,2818,360
4464,3657,2247,104,269,1206,2078,3594,182,2849,1795,3983,4464,3657,1076,2247,4471,104,65,847
3876,4213,2882,3558,3548,616,2314,2955,713,4014,3765,1829,2370,4178,4607,1834,4448,3676,1798,324
4140,4318,2997,2649,2255,3858,1405,2210,2417,3926,4140,3868,4318,809,2997,2649,3211,3099,3349,816
3147,1587,1524,4733,906,1317,524,3969,318,238,1422,4202,3841,3279,3147,601,1297,2192,3033,107
3020,526,2936,506,3570,2821,1986,2309,4795,3762,421,3020,659,3146,3506,3492,1279,53,526,2741
3453,1989,740,3829,2519,413,2544,2198,1635,47,3556,3453,4373,258,130,2820,2731,1989,3961,740
2334,329,2661,4954,3371,1216,1579,3377,1930,1129,111,4564,90,2334,343,387,329,2661,3649,3177
3355,1798,1201,1454,4448,3365,1875,3292,300,1630,554,3355,1798,1201,1240,4221,1454,4448,3365,1875
1455,2805,4211,1115,1997,3256,2598,1106,4271,1395,3987,4984,1455,827,2314,2805,261,3446,494,4014
307,3492,2796,1111,2741,135,239,1555,1279,421,307,3492,2796,3516,1111,2741,135,239,1555,1279
672,2632,4223,662,1750,622,1033,3702,951,1643,3298,672,2632,4223,1550,662,2180,1750,564,622
4104,2787,4559,4429,136,2294,2081,3965,679,3448,2185,1669,4104,2787,4559,2559,4429,2290,2168,136
875,1181,2937,2148,4527,3211,3606,2174,2126,2951,875,3366,1946,3203,4829,1181,2937,2148,1995,4698
1406,2593,4007,2177,3960,674,4005,4950,1020,4786,1406,2593,4007,1503,875,2177,3960,822,2974,4241
1808,2140,4968,1827,826,1874,3785,3050,4329,2619,3377,1808,3846,2140,3977,4050,57,4968,889,1827
1255,1906,4345,1488,189,3847,1362,1229,1992,2991,1255,1906,4345,1488,189,3847,1362,1229,1992,2991
516,4906,4837,4530,1000,2193,389,1544,3961,7,4065,996,516,15,4906,4114,4656,1173,1980,3907
778,4646,1682,2652,2047,3093,3420,3311,447,3719,3248,127,2104,1604,2957,778,4646,2982,2220,1682
3709,249,4606,1385,4883,4750,2655,1773,2237,1729,3709,1083,4031,1469,2292,2122,249,4391,2406,936
4208,562,2486,912,3775,3337,1605,874,3669,1982,281,4025,4208,249,4619,3850,4195,2237,562,735
4172,942,1923,2990,4089,2561,139,394,3045,3970,4599,4473,4172,942,636,3527,2324,151,295,50
4404,4081,3832,3453,3416,740,3032,3829,4595,3697,2236,4404,2194,4261,1002,3095,4602,2663,536,1655
3630,4458,2831,3310,1775,2986,4550,4943,4781,2954,3630,4458,2831,3310,1775,2986,4550,4943,4781,2788
4666,4161,3209,2351,1845,186,1907,644,4240,2574,13,4908,1186,212,4355,1187,2903,2841,4546,4254
1383,820,4053,4536,1917,547,1814,1254,251,4032,1383,820,4053,4536,1917,547,1814,1254,251,4941
748,897,3596,4501,498,4880,1287,859,3622,246,4552,3143,1498,4248,2399,985,4548,1876,3208,26
3305,496,3541,334,4310,285,310,1574,695,2053,3305,496,965,3541,334,4310,4368,530,2677,4737
4954,3377,578,3225,1129,2335,99,2444,497,2610,111,4762,56,1880,3589,4564,4954,90,2685,2281
1031,76,362,3445,518,4387,1269,932,3454,85,1445,1031,4207,4781,76,670,4524,3535,2954,4828
1788,1537,3455,1864,577,1015,3042,4177,132,1561,1788,1537,3455,1864,816,577,1015,3042,4146,2043
4601,4762,4785,1228,749,1778,3598,2621,773,4456,2909,4048,3987,4601,2059,4052,3235,1058,3829,1861
4733,2232,2944,2307,1581,3969,4556,524,3147,89,803,4733,90,1324,4961,4190,1314,2431,4678,1874
4132,4388,1743,3140,3881,1523,2462,1846,794,4618,4132,4388,1743,503,3140,3881,2530,3349,75,1523
3060,2574,4240,4137,4524,1445,3581,2698,3238,2590,3060,2574,4240,4137,4524,1445,3581,4911,520,1516
633,4391,2752,4384,568,136,3850,2249,1083,1438,633,4391,3620,1729,1385,1289,120,3709,281,506
2233,774,1045,802,1383,1814,1254,2786,1401,4536,2233,1230,774,1045,802,1383,1814,1254,3386,4534
2796,421,1279,1014,659,1555,4771,1299,53,135,2796,421,1279,1014,659,1555,4771,1299,53,135
3321,3994,3349,4101,559,926,2718,3584,3852,3618,4277,458,3585,704,2098,2010,4932,2974,202,545
4991,661,1866,2777,441,2362,796,843,2188,678,1623,1876,1498,4775,2479,3959,559,4552,2097,729
3191,2799,597,4464,2247,3803,3657,3594,4608,104,1093,847,4471,3191,2799,65,1076,4185,597,1795
1750,2382,1647,3440,865,629,3767,810,1217,4144,1750,580,2410,4122,275,2382,981,2442,565,1647
4639,2097,4711,175,4777,52,3360,429,1498,319,4639,2097,4711,3852,1219,175,3817,673,1623,202
4143,4959,2142,4935,2293,3295,2324,1799,4455,2344,4238,121,4143,4253,151,852,2990,3270,636,2707
3971,2764,1697,4088,842,1790,3007,1047,181,785,3194,405,192,1256,3315,3971,2764,1697,2025,4098
2717,1465,4224,4839,1019,797,2649,2210,115,3845,2717,1465,4224,1275,141,3979,4082,556,1841,2542
2977,4827,181,4778,2764,3587,44,1804,975,1022,1330,2502,4997,1513,3928,3792,4940,2295,1164,2557
121,4058,834,2533,288,3851,4200,4599,2436,4368,4287,4403,151,3410,121,3026,3588,1460,2762,3624
3715,1815,1929,3109,594,837,159,2087,2342,2058,2475,4720,3715,1230,2233,1815,4607,4178,774,4534
256,1710,2272,3011,1129,3405,1579,2158,3945,2650,256,1710,2272,2721,989,2279,2228,3011,3025,915
1931,3846,3565,90,1662,1086,614,3005,533,2072,3281,3690,4943,2788,761,4785,1931,4329,4954,2803
411,2916,1598,2287,1381,2100,2167,472,611,488,4291,411,726,3162,831,4265,1303,703,903,684
1609,3135,998,1475,2630,2202,3904,4134,2218,4431,1609,3135,998,4673,3475,1475,1214,2630,2202,3904
2943,1749,788,2181,112,3460,4183,3398,127,2575,4670,2943,1749,626,3745,788,2181,2722,236,786
1179,401,4735,1680,2168,2472,2317,3523,3059,381,1179,401,2366,679,1678,4735,1680,2168,3448,3965
3009,1920,3028,388,3301,2122,4699,2892,2292,4628,281,4619,2317,4025,249,2168,1716,2752,995,1773
888,4004,3516,1041,2407,1711,1618,4351,1429,489,659,3041,1364,2897,1299,888,4004,3229,1111,2796
4035,4504,2492,601,3530,2245,2156,2941,2721,1809,1422,3841,708,3595,98,906,2743,2163,2560,263
364,2411,110,4417,2013,697,1065,463,3214,2715,3184,364,1061,2391,4690,4807,1627,3333,4491,4749
1497,2798,2157,1479,3501,3550,4073,3407,3318,2642,4966,1497,647,166,2798,4356,2157,1348,4371,3774
672,878,366,627,113,3015,4418,3078,41,290,672,878,366,627,113,3015,351,4418,3078,41
4793,899,2471,2161,4871,2592,434,3226,4034,3115,4793,3117,899,3304,2471,2891,2161,4871,2592,4219
1205,2424,3521,1452,3016,2162,2288,164,3421,3891,1205,4176,4499,3964,4586,873,2424,4716,3521,538
3403,3943,3012,4153,3895,4011,3808,1190,1888,2662,3403,3943,3012,1738,4153,309,1596,3895,4011,3808
1224,55,3749,2845,4570,4693,3014,242,4721,2120,1224,3194,192,2985,55,3749,4538,3971,2845,2764
2264,1912,3767,2251,2891,2048,3531,991,3952,2132,2264,4793,1912,1351,434,3767,2251,2891,2592,4034
528,4160,2738,4833,2496,46,139,1180,1314,3575,3830,338,3106,2145,1342,528,1413,4256,4667,2323
3425,2206,1131,1590,4738,4327,3385,292,1008,4995,3425,2206,1131,1590,4738,4327,3385,292,1008,4995
2013,2442,3614,226,3684,4417,4470,1550,580,1272,2391,1010,2013,2296,2253,3435,4491,2132,2442,4998
2036,3665,3754,324,2451,1914,4534,2370,4879,1985,4530,3362,4547,1577,4905,2680,3438,2055,4182,2305
3206,4790,3845,1242,4318,3787,403,4127,1420,1046,3381,3206,4476,4790,3988,2998,2282,3845,2043,1242
4908,2903,1186,13,4334,1187,4254,270,1844,3687,4908,2903,1186,13,4334,1187,4254,4546,270,1844
722,4803,599,1401,38,1693,436,774,4493,1402,722,4620,2660,2383,4193,882,904,3683,4803,1049
2588,1790,4708,2076,2994,3809,4088,202,785,458,3601,3808,1943,523,1633,2300,2160,2064,4116,3784
1620,4488,4545,3087,3891,145,2757,684,2673,4768,574,2595,1620,2964,973,4469,1631,4488,4545,3087
2188,930,2291,2777,2150,1983,3941,4523,796,4899,3231,2837,2130,319,3124,2712,1954,4761,214,93
4412,584,2554,2439,1850,2960,4479,1770,545,3784,4412,2836,4914,3037,552,4770,2633,476,1018,4237
2749,4932,3360,175,429,704,3520,171,1456,541,2749,4932,3360,2010,4708,3002,2098,4147,2608,175
1016,2666,66,4677,4386,4811,3736,3743,4339,1828,1016,2666,66,4677,4386,4811,3736,3743,4339,1828
3971,842,2764,1697,181,4088,975,4337,1710,4332,4538,2780,1183,2528,3971,1837,842,2764,1697,1256
4785,1778,3598,3280,4456,4762,1755,3872,2621,4036,2140,4785,1808,1827,1778,3598,3280,4456,3332,1347
2142,4188,347,2356,4710,4130,2815,4376,4506,3861,966,991,2142,3115,733,3646,1912,4188,3389,3711
2748,2888,3372,1347,56,1150,1568,2806,4897,2281,2297,2748,2734,3429,446,2579,2888,3348,3372,1347
1485,2281,514,56,3735,3726,1880,2685,3899,1178,1485,2281,514,4762,56,3905,4183,3735,446,2818
1703,2188,843,930,2010,2777,1983,2542,1849,4899,296,3303,4496,2974,4932,1703,1954,3585,782,2188
2973,3955,2866,3083,282,3459,2842,1981,2636,3599,2973,178,4154,3955,2866,3083,804,282,3459,3569
280,450,4591,1436,2,3996,4451,4331,2694,1911,280,450,4591,1436,2,2904,3996,4451,4331,2694
4332,181,2548,832,2821,4922,1986,3509,1697,3230,4573,1095,1199,489,2523,1407,4332,2493,3806,4535
707,4410,3130,3740,4875,4507,2408,1577,2890,4170,2175,2036,1336,1490,468,1034,3343,4652,707,2653
2689,393,3043,363,1519,866,1644,4909,3162,4751,2689,393,703,2476,684,3043,363,1519,726,866
252,816,1191,72,1202,3704,1193,1904,1218,3099,2843,2447,252,1756,4838,4281,1066,816,1191,3313
2588,246,3509,2994,3809,3747,1986,1790,2333,4880,1079,2484,4494,59,173,2939,3268,3337,692,426
1102,2648,1020,794,3871,3864,1670,2688,4080,4177,1102,1821,2648,1020,794,3871,3864,2210,1670,2688
785,4623,4914,2961,1898,3007,2566,4088,2276,3936,4915,2001,1850,785,276,4858,1518,961,658,3167
1383,1814,1254,820,4032,4536,2233,4053,1917,547,1383,1814,1254,820,4032,4536,4941,2233,311,4053
3469,3309,830,4137,4878,841,3157,3581,502,1664,3469,3309,830,4137,4878,841,549,3157,3581,502
887,835,2088,2125,3726,1178,1734,1903,514,3066,887,835,2088,2125,3726,1178,3905,1734,1903,514
4835,2828,1119,2507,2109,1597,539,2968,944,2663,4835,3967,1853,2883,689,4647,2828,1715,4868,1453
1843,3920,1128,4759,1039,2140,737,2562,1827,4537,1843,2110,3920,1755,1128,2639,4456,4474,4759,1039
3005,3487,1978,1281,1972,1094,4774,2110,1086,1662,2141,4050,3005,3842,89,396,4817,3487,57,102
3044,3028,1461,2539,3693,2418,2069,1754,2634,3301,3097,4650,3450,155,3703,1831,1301,3044,3533,2225
3387,804,1651,578,352,2154,3311,1309,4780,778,540,1747,3066,2091,2380,2514,3387,1604,4691,2575
3612,2876,3448,2366,344,1678,1802,1377,654,679,3612,2876,3448,2366,344,1678,3059,1802,3484,1377
48,1023,746,777,4367,3650,1374,1148,2028,122,2000,195,3996,1911,3594,2694,1776,850,593,4135
981,32,1197,1075,2410,275,2105,792,3636,3118,981,1550,32,580,1272,4079,2180,1197,1033,3298
4765,3431,2152,2928,4152,3750,2466,2687,719,2444,4765,3008,3431,4774,2152,2928,4855,4152,3750,4250
3531,2264,2520,2918,2891,941,3767,2132,1263,2567,3531,2264,1351,4793,2520,1071,1566,2013,226,2918
1503,851,1784,1927,4560,142,3688,1354,2926,1910,1503,537,3601,3729,2608,289,2096,4180,2937,3439
3127,1540,733,4615,3660,3389,2457,1529,198,1182,2142,3100,3711,3127,347,360,4376,1540,154,4937
4654,3717,1301,3121,2563,4889,386,4514,3097,3452,4654,3717,1301,3121,2563,4889,386,4514,3097,3452
2274,1843,1128,4537,534,2140,1292,2125,3920,1390,2301,2274,1843,1128,4537,534,57,2110,2140,4112
3777,3007,1697,842,3936,4623,3230,4778,4337,4088,470,4918,2243,276,1721,2280,1770,3720,193,3777
3080,1431,255,2223,976,82,2543,2714,3047,3165,3080,1431,4130,792,1757,1818,1550,4641,4871,91
1812,3691,4990,279,328,3069,479,2187,1706,2704,1812,3691,3594,4990,279,328,3069,104,4684,479
803,2431,2532,2738,3575,4833,57,1314,3970,4643,3846,1808,1874,3377,3977,4968,4954,2232,1823,2619
3746,4791,4633,2106,1407,3904,1769,1364,4231,1095,2368,3746,4791,321,4633,1730,4573,4940,2106,1532
2691,4741,4820,3513,2987,3413,2797,4558,892,3647,1197,580,275,1071,2382,3149,1550,354,3170,1818
514,2685,2281,1880,3726,56,3899,4420,2748,1178,514,4762,2685,2281,1880,3726,56,4468,3598,3899
789,1903,3158,4691,3066,2165,392,825,2546,2223,540,2393,2575,901,3423,789,3460,3945,349,3081
1443,2468,149,915,3575,4160,4290,2514,3725,2431,1443,3992,1346,1972,2091,1637,4646,909,3482,533
3588,1824,3379,96,47,4253,295,50,1460,512,3390,2762,3588,3085,151,3410,1154,4682,1824,4089
3861,1818,792,2410,275,4219,32,1979,1717,2167,2264,1742,1351,3767,4700,3861,1328,3532,1509,991
863,3655,302,4051,2435,588,1556,1090,4270,4397,863,3655,302,4051,2435,588,1556,1090,4270,1073
4997,2316,919,367,4006,3692,1552,2706,302,2489,4821,4997,4570,2316,3021,919,367,2764,3928,4006
3621,2793,3549,98,4048,2163,2909,1901,1905,2455,261,1997,4498,3621,3256,2839,97,992,827,700
2036,3665,3754,4534,324,4879,3376,2451,1914,2370,4530,4410,4363,3306,3362,1490,4905,4547,3343,1980
4150,4822,4548,1286,289,3353,2845,1774,209,242,3465,4150,3122,4563,1122,4321,4402,4904,1840,4822
4453,1328,1933,3462,4864,2368,2359,73,4694,839,2761,4453,4680,4673,1328,2723,1350,1351,3904,3135
450,4591,1436,2,280,3996,727,4451,4331,1911,450,4591,1436,2,280,3996,727,2904,4451,4331
1359,106,2405,4292,4657,4446,1060,4382,4243,1876,4272,20,1359,2386,124,106,1001,2405,4292,4657
1245,3635,1872,1244,16,2907,4358,1738,3266,488,3424,1245,4156,3946,2474,3635,2922,2413,3786,1872
914,1900,4698,3241,3729,4205,2096,4262,787,3817,914,1900,4698,3241,2671,3729,4205,2096,4262,3144
1326,352,1645,3145,4880,2154,1682,924,2012,2684,825,4119,675,3345,1133,2492,4639,3638,3323,1326
4306,4569,1192,4622,199,4536,3408,1580,575,4695,3074,4157,4306,4569,1192,2755,2600,3629,1878,94
2632,662,2179,783,4223,951,2953,3157,1643,3702,2632,3298,662,2179,4079,783,4223,951,564,2953
1,414,1056,4259,2124,203,4387,4551,886,1899,1,414,4329,3281,2944,4151,803,1398,1931,3254
1497,3318,209,481,289,1267,3501,4229,2845,3783,647,3122,3468,1483,1497,3465,1790,853,4100,4904
1461,2539,1754,3044,2418,3554,2069,3301,3273,2498,3703,4097,1461,2539,3450,3669,1227,4795,1831,1251
4538,2074,647,2937,2080,875,2637,2951,4204,822,4693,192,3600,2120,1224,1689,2845,3315,4858,405
1966,3987,1210,2227,1316,2731,1813,4682,3024,2459,4251,2522,696,3235,1966,3987,754,1210,2227,47
2721,3769,1304,2774,3597,3825,915,2279,4313,4898,2721,230,1856,79,4989,3882,3773,1710,753,986
4278,2084,4046,4297,3005,3250,4730,4072,4308,3142,4278,211,4082,3884,2452,1420,403,741,1465,1171
1555,2551,4365,4771,3670,1893,3732,1961,3075,4108,1555,2551,4365,4771,3670,1893,3732,1961,3075,4108
1878,4616,3986,2979,3779,4792,3576,2731,4279,2459,94,1878,2193,855,2600,1727,3629,4616,3986,3074
2739,2225,1279,1831,306,3533,2741,4016,4889,2563,2739,2225,1279,1831,306,3533,2741,4016,4889,2563
3195,4494,4717,3012,877,4070,3808,4980,2113,3403,3195,4494,4717,3012,877,4070,3808,4980,2113,3230
4458,2986,4943,2831,4550,1775,3630,2803,271,3249,4458,2986,4943,2831,4550,4060,1775,4568,3630,2803
2821,3596,1986,2309,859,4880,1134,1287,1701,832,3956,949,2900,101,1962,4350,4860,1711,2916,3768
54,4819,642,3517,4965,1458,2811,3112,3538,2416,54,861,4500,4819,4625,642,3517,4965,3894,1458
3101,434,2609,4034,4793,3226,2592,3359,1351,3115,3101,3767,434,2609,818,3861,4034,2264,275,4793
2408,4090,2367,996,1783,3907,3604,893,4410,885,1608,3199,2844,1600,1764,649,521,247,4416,2408
3439,1245,1995,1285,3635,1220,1738,3819,2718,2102,2845,1689,3315,3302,348,2926,3212,1047,665,3465
3526,3835,3029,3363,1053,3807,1294,3545,556,1851,3526,809,3835,3029,3363,1053,3807,1294,3545,556
4819,54,2811,1458,3112,642,2416,3517,4965,1372,4819,54,861,2811,3894,1458,3112,642,4500,2416
3859,370,4703,4021,1154,2762,4955,3369,322,2244,3859,3626,370,1069,4703,1460,4296,4021,1154,2762
200,1331,4020,1437,2493,618,1754,4465,1612,4847,411,71,489,946,4291,1095,769,1474,2523,1407
3497,4223,4481,3440,2144,3722,391,879,2520,2166,3856,1891,3887,3497,4223,4481,3440,3636,2964,2144
118,1202,4071,532,3099,252,2971,799,2469,2671,2479,1326,1816,3959,4775,4286,118,3241,922,1673
1473,1982,911,4570,3014,3792,242,55,4940,4822,3021,1473,1982,2413,911,193,4570,181,3014,3928
1100,1579,3061,3863,2573,2913,1887,833,4929,2702,4190,1100,3912,1579,2279,1667,3061,3863,4663,815
1222,546,1945,1330,2080,3928,92,3991,2289,3021,2289,1222,3436,3587,546,1022,939,1804,4189,759
2551,2981,1961,998,2318,1146,4572,1758,2202,1475,2551,2981,1961,998,2318,1146,4572,1758,2202,1475
1698,2592,3115,1517,4849,4871,899,2161,4508,2056,3067,858,1698,2592,4219,2891,2384,3115,2268,1517
4767,3493,2858,4508,378,4252,3361,3139,2471,4491,3461,4767,3493,1566,2858,1177,4508,378,4252,1296
1878,377,4792,2979,2095,585,3779,4279,1044,2303,1878,94,4306,377,7,3074,4792,1616,2979,2519
1710,4026,3958,2605,3405,2119,3522,2650,2526,4599,1710,1209,4026,3878,3025,2142,2538,4376,3045,3958
2855,3075,4108,189,3732,3698,2551,3670,2991,4661,2855,3075,4108,189,3732,3698,2551,3670,2991,4661
1507,2224,4177,1015,4080,1788,430,2688,1102,650,1507,3973,2224,3823,1921,4177,1821,1015,3868,4080
14,2709,4100,1238,4300,1522,2269,1137,4985,4865,14,4487,3246,2024,3148,114,1879,2709,1641,176
2697,4133,3417,1999,1525,1944,2856,583,3328,4031,2697,4133,3417,1999,1525,1944,2856,583,3328,4750
547,4962,820,1917,395,1737,3169,4032,2760,1814,547,4962,820,1917,395,1737,3169,4032,2760,1814
4728,4526,396,2195,1781,2387,2579,2923,3341,4707,4728,57,4526,396,2195,2047,3234,4583,1781,2387
2828,4835,2507,1597,2968,2409,539,944,4729,3429,2828,2883,4835,2507,1459,4868,563,4064,2105,1597
3783,4229,209,1286,1267,3593,289,4548,3318,3501,729,667,1952,3783,3393,4040,673,4229,2062,4631
2676,3951,4407,1097,3607,2775,4361,2252,4919,3143,747,2676,3570,2889,491,2727,3480,912,1289,4195
3620,2550,1469,1289,3322,381,2317,3523,161,2555,781,2752,568,3620,4542,4384,2550,1469,2308,4883
1920,1913,3901,4628,4857,4117,3009,660,2611,3419,3484,2720,3612,2002,3762,3564,4752,3820,3448,3059
4728,4050,4526,396,4886,2211,4788,2387,4667,2604,57,4728,2141,4050,4526,3487,396,4886,4968,89
3775,4342,2099,4783,910,710,3601,3466,3407,1243,29,2725,2008,988,3809,631,3775,451,2327,2872
4997,4121,939,1164,3436,1752,2377,513,220,4393,4629,1330,1892,4997,3587,4121,1222,2289,2557,2502
1604,4928,157,1009,3992,4663,4395,4679,3086,1972,4149,2535,2702,2430,4515,1604,4972,833,1887,4928
3543,2834,3486,2811,3562,1280,1590,3737,1131,1374,685,464,1505,3022,3543,2834,3486,320,2811,3562
1859,2755,4364,4462,3716,266,3547,3183,3485,3190,4630,3447,3961,4373,238,1859,2755,318,130,3474
2438,2575,4641,2195,3931,9,901,2183,4687,349,3066,4854,2438,2575,2223,3046,3797,2714,2840,4641
2785,3613,2759,326,4885,4530,4467,2193,3742,3074,2890,4787,4544,3935,3940,2785,316,4327,4003,1659
2038,1644,3564,1951,4592,369,2920,866,304,1773,4062,1975,1578,2038,2252,120,1644,3564,1951,706
306,4889,2741,2563,4654,3717,1870,1831,1282,3027,306,4889,2741,2563,4654,3717,1870,1831,1282,3027
3210,438,1816,3349,4101,1995,692,559,3144,729,1708,3114,922,2469,3241,4775,3210,4008,3781,4494
93,4932,2348,3520,3972,4761,4777,429,2837,704,93,4932,2348,2188,687,3520,545,3972,4761,4777
675,4730,2299,4372,172,3151,1094,2091,1281,909,3615,459,2873,3459,2570,675,3158,352,1657,4730
4835,2828,2507,2968,1119,1597,2109,539,4729,944,4835,2883,2828,3931,1853,3797,3967,1886,4868,2691
660,1673,4286,1876,4775,3959,483,106,3114,4243,660,1673,4286,1876,4775,1326,1623,3959,2684,4880
2810,1165,4222,303,2825,701,1423,1371,2747,619,2810,1165,4222,303,2825,701,1423,1371,2747,619
396,2211,2195,4526,2183,4728,2089,4788,763,3842,3126,1281,2047,1094,3578,123,396,3299,1366,4075
4845,3730,1777,4229,209,1534,1267,1348,3593,3783,1348,4371,2456,1064,3968,4115,2612,1080,4040,454
139,297,3970,4190,528,663,3575,1314,3649,3076,815,3201,4357,3589,139,2344,297,1874,3912,3970
4761,566,2712,2932,1569,3124,319,1456,3231,214,4761,164,1542,1246,3266,1983,2930,2076,4307,566
3791,3214,3643,1306,4612,61,1480,4986,110,4232,3791,3572,2987,3214,789,4445,4691,1058,3643,409
3325,4463,4371,4115,453,2189,3567,3994,3321,4206,2635,3166,425,3427,1060,3325,2060,2494,4463,3993
4771,1555,1893,2551,1961,4840,1174,4365,3075,1805,4771,1555,1893,2551,1961,4840,1174,4365,3075,1805
1385,249,3709,2237,4606,1729,1773,4883,369,2133,633,1385,249,506,4031,3709,1669,281,735,2131
3461,3513,2987,4389,892,4820,3572,3522,4048,2691,4470,4417,4986,4749,4864,3531,2592,4232,899,2708
3250,3287,207,1971,4046,1094,3831,4477,1746,909,4805,3250,2921,3287,592,207,1868,1420,1971,635
2826,1250,4148,793,3906,2722,1456,626,2491,962,2581,1671,2826,78,1250,4679,4148,793,1129,3906
3315,405,1689,2489,192,3212,4076,4918,4858,1352,3315,405,2950,1689,2489,192,3212,645,4076,4918
1728,3774,3667,3288,2219,3268,3194,787,4698,64,1728,3774,2148,1140,1497,647,3667,1910,3288,2219
3229,3041,946,3294,1095,4801,4298,2093,4946,4960,3229,3041,946,411,3294,1095,4801,200,4298,489
1749,2181,981,1197,112,4576,1757,127,2943,1075,1749,4982,2181,4079,951,629,3046,3298,3745,1550
1129,4558,2650,256,2797,2535,3311,2702,4149,99,1129,2430,4558,2220,2742,4972,3398,2650,2826,256
4839,2649,3189,1405,4224,2997,797,2210,2164,4140,2874,556,28,169,1063,1733,4839,4804,4230,2115
747,3570,3512,473,2835,2936,4031,2406,2309,4619,2727,4843,1083,3480,388,747,2676,1469,249,491
120,4062,1975,3506,735,2131,4484,2889,1669,2354,120,4062,526,506,3020,2775,2936,2153,1289,3028
2903,1844,1186,4334,3736,4908,212,2978,1970,4254,4127,2903,4546,1844,1186,1242,4334,3736,741,4297
1652,2568,1321,4289,1678,2541,2787,3257,2366,1915,1652,2352,2568,1321,4289,1678,2541,2787,3257,2366
4058,121,4599,2436,288,3128,2526,3958,2533,3382,3045,4058,3026,50,121,151,942,4599,4959,3410
3959,106,1461,2539,4637,1673,1612,660,49,949,3669,1785,3959,106,1461,2539,3210,438,4880,508
492,3038,2924,240,736,1832,4249,2920,2801,2613,492,4282,2256,2441,3038,2924,2014,240,3271,736
1697,3230,3971,2764,4088,4332,842,181,3509,1047,1697,25,4055,193,1738,3268,2780,1307,1256,3315
4401,4238,3270,3793,3127,4422,3840,4317,335,4167,4401,2293,4238,3270,3793,3127,4422,3840,3810,4317
4202,1520,4010,3912,4867,3346,3810,4398,1610,332,4202,2192,1320,107,1520,544,1100,1297,58,1489
3971,2764,1697,3509,1047,4088,1790,181,2588,4332,2985,919,3971,3194,2764,4822,192,1122,2845,405
2744,1238,2709,3975,1089,4428,4967,4865,2816,4103,2744,4325,1238,4939,2866,2709,3975,1787,1641,4615
3450,4650,155,4946,3097,1760,3533,1227,1831,1251,3450,4650,155,3044,4946,3703,3097,1760,3533,1227
2478,2931,1544,2547,311,259,3123,4674,1835,4837,1608,201,2478,4713,713,2844,3511,2931,159,4090
3767,2251,4418,4894,622,4223,775,2520,1322,1263,564,2609,3767,2251,4418,3861,4472,1351,3226,4894
4901,4772,2579,1564,1444,3348,446,1414,3733,2923,4901,4772,2579,1564,497,1444,3348,446,1414,3733
230,3882,79,3193,2693,2454,4797,3773,811,345,230,1209,1521,350,3882,4863,1710,4821,79,2721
266,2522,4364,2755,1947,844,3796,4209,1859,58,696,4251,2459,585,3235,1658,266,2522,4120,1656
3805,1204,3679,1904,1193,4437,2238,706,1218,3192,3805,3296,2843,1204,3679,2151,1904,4427,4801,4921
3233,3377,2687,4234,99,2444,497,2335,1762,3750,1949,332,3830,3008,4774,2323,3233,3733,1662,4459
4057,723,1699,3974,814,3408,4617,4569,4695,1192,696,3571,3235,2522,4251,3987,1966,4202,130,3547
3806,1982,4940,2007,1073,1356,1473,3669,676,2945,1095,946,1199,2523,611,489,1407,3806,411,321
4413,458,2994,4501,202,687,4708,246,1790,1318,3783,1900,2599,1220,4229,4040,3439,1267,926,142
813,1552,4330,1752,2769,2242,964,513,2765,390,813,1552,4330,1752,2769,2242,964,513,2765,390
4691,1361,56,2281,4420,1880,392,514,1485,2714,4691,1361,2818,56,2281,4420,1880,392,446,2220
642,1492,1458,4819,4096,4604,54,4,4309,1793,3894,861,4913,642,1492,1458,4819,4096,4604,54
2610,4954,414,2335,368,3126,1269,1136,123,3656,1366,2610,4954,414,2335,368,872,3126,1269,1270
1925,2726,380,2569,2291,2975,4516,2668,796,1493,2008,4174,1225,2763,2422,2254,2160,988,3288,1925
632,1467,3065,1851,4289,780,169,2517,103,2874,632,3979,1467,3065,1851,4289,780,169,2517,103
3538,42,296,3944,1159,432,982,4419,2164,2416,1718,1956,2049,3538,1685,969,4804,4621,3652,518
3146,3923,1148,1922,2720,122,71,1620,1962,508,3506,3909,3570,4062,1289,3020,2936,120,3951,3620
127,1749,4836,2982,3398,788,2181,3323,2430,167,675,3248,3745,127,4670,1749,1604,626,4322,2393
3283,3367,1104,3569,1292,1747,1862,2795,2452,2313,4644,3283,3209,186,3247,913,2321,4577,4687,2301
3669,3806,1982,2385,1073,3922,2007,3775,1356,3337,2069,200,4960,4847,1199,248,1612,495,2435,863
1267,2845,3783,289,4229,3933,424,2075,1534,1286,3439,4180,1267,1285,52,1220,3302,2845,2066,3783
4638,3082,643,652,1068,509,3045,394,3216,921,4638,3082,2571,643,288,652,1068,509,4056,3958
3912,4526,4662,4459,3482,4398,4916,889,1444,2211,663,4855,2141,1136,1314,1972,3656,499,4013,4774
2745,3275,695,2905,1938,253,509,394,652,1768,2745,3275,2577,3658,695,2905,2571,1938,406,253
628,2358,4105,3574,1248,2457,2336,2958,4868,3170,628,2358,4445,2797,3572,2987,1361,902,4105,3574
1890,4709,1329,4752,2417,2026,3820,4540,296,2720,3227,4301,2349,4724,457,2695,2593,4874,1191,1890
4424,4394,4427,215,990,1339,3451,4757,650,2379,4424,4394,4561,4427,215,990,4141,1881,1339,4402
1703,843,2542,2188,1849,2010,2291,2777,4899,1983,1703,3303,782,28,296,4649,3189,2974,843,4496
1229,4345,3228,3078,3282,927,3748,1013,3686,4181,1229,4345,3228,3078,3282,927,3748,1013,3686,4181
2028,606,746,2690,3498,4965,42,1023,2417,4419,2028,606,4135,583,125,204,4800,2746,746,2817
2341,4501,4139,897,202,3622,4708,3409,687,458,3262,425,4578,3993,2341,2060,876,4631,2033,175
797,4839,1019,2649,4224,2164,2397,2997,4419,2717,797,556,2874,1467,4230,169,4839,3065,1019,2649
4183,2579,2734,2183,2195,1414,1478,446,763,396,1247,4183,2579,2734,2183,3372,2047,3129,786,2840
4031,2678,2406,506,479,3570,2835,3207,1525,374,633,1083,3709,2122,249,1385,4031,1669,2678,2406
4762,4785,4468,2395,1778,3623,2621,3598,4036,2420,111,4762,56,4785,2088,1485,3735,889,2281,3377
4237,4796,1300,3707,3766,1897,2603,276,4532,3799,1871,4237,33,2477,4796,1300,2960,3707,4830,950
2829,4226,1053,132,573,287,2914,3455,1531,4454,978,3759,2829,4926,4226,1053,132,1617,573,2126
3326,3864,4754,3545,3582,4177,3358,4080,132,1396,3860,3326,1883,2263,3864,4754,3545,3582,4177,3211
1465,4096,3761,3324,1492,1533,2101,4983,1909,2321,3844,1465,4096,1039,3761,2562,3324,1492,1655,1843
2767,4263,4818,3310,2644,271,3537,3898,1775,2079,2767,4263,4818,3310,2644,271,1269,3537,3898,1775
2593,3366,4950,2177,3960,4726,4007,2458,4786,1406,3495,4623,875,1503,2126,2710,4858,3007,2937,1728
4966,1790,498,166,3809,246,2588,1047,897,859,1497,2490,2642,647,4904,4272,4356,3579,4475,2426
3578,102,1675,4550,4594,3299,1819,2986,2079,4151,3842,3578,4050,1366,2387,4817,102,2089,2041,396
145,2757,3298,4535,3758,1736,4265,1881,3330,4967,2167,2953,1369,3767,4192,818,1013,3532,2218,4742
1186,4908,2903,4254,4334,1187,3736,1844,13,212,1186,4908,2903,4546,4254,4334,1187,3736,1844,4127
2481,4052,1824,3829,96,295,3939,754,1949,3000,2414,2536,2481,2328,3494,332,3897,4052,696,1413
1312,2278,2657,37,2582,3125,4515,2074,1297,2121,1312,394,767,2526,3045,1160,4599,4172,4638,2436
3543,2834,3486,2811,3562,1280,4819,3602,3737,1590,464,3543,2834,3486,2643,2811,3562,1280,4819,3602
4634,1900,2062,1005,537,1883,853,2096,2608,876,1952,729,4180,4631,3439,3783,1220,4634,4229,1900
840,1319,2461,1867,1127,773,1761,1342,1389,4474,840,1319,2461,1867,3893,156,3113,3639,3796,2990
2797,2691,1129,3168,4558,4826,2138,2650,3225,892,4868,1715,1567,1597,944,2742,2828,3170,278,539
1203,3724,2208,4203,1990,2944,3723,4556,968,4207,1203,4604,4096,4309,2464,4759,3832,4594,3416,2101
2692,3051,4760,3632,2700,1996,3062,4776,4030,4887,2692,2884,3051,4760,3632,2700,1996,3062,4692,950
2843,1537,1561,408,1078,1788,2224,650,2019,577,1921,2843,1537,1561,408,1078,816,1654,1788,2043
2554,3796,4412,4250,584,1931,1662,2024,58,3527,45,2836,2554,2833,3490,4851,40,2200,4784,2807
4564,889,4352,4398,4727,2412,4728,4568,1414,3977,2619,3898,1874,4564,2623,1151,3846,889,4352,2281
2124,4551,2090,3377,881,203,1823,2141,4602,4954,947,1808,3050,4329,3977,4050,2124,4968,1827,4551
2228,4679,157,3831,815,90,4970,4395,2743,909,2228,578,2192,4679,1579,256,3279,34,4398,2298
1178,4583,417,3001,1677,2946,1607,2623,3066,2795,1178,4583,1651,417,396,4728,3001,2183,1677,3537
4654,4889,3717,3121,2563,2741,3452,306,1977,3027,4654,4889,3717,3121,2563,2741,3452,306,1977,3027
2451,1914,3376,2370,1985,324,3665,3676,4879,1834,2451,3306,1914,3376,3558,2372,3648,1684,958,2370
4536,4306,199,4032,3408,723,2760,4053,547,251,4536,4306,199,4032,3408,723,2760,4053,547,4941
3883,764,3540,776,3678,1394,1871,950,3219,4044,1412,3883,2960,4273,3508,4895,3707,1018,764,3777
2157,233,3407,1479,1576,3550,1224,4073,3749,55,2157,233,3407,1479,1576,3550,1224,4073,3749,3579
4075,57,2301,2948,709,2570,3633,4676,3866,4432,1843,4112,1039,4075,3623,1909,2211,3220,2639,1615
1181,3606,4852,3211,2572,3734,327,3988,4236,1219,1181,3545,4575,3606,4158,4852,3211,246,1583,2572
2599,2719,681,3852,1427,3439,673,1220,4040,926,2599,1103,3875,2719,787,2937,875,1534,4527,681
3022,2541,320,3070,371,3867,4936,714,3153,2643,3022,2541,320,4681,2834,464,746,3070,371,3867
4122,488,2287,2100,2167,2006,565,1598,2410,2654,4579,4994,1217,810,4122,726,336,1369,4469,3440
846,4117,2484,4884,1920,877,3895,4494,4699,4153,3607,305,4361,846,4117,83,2939,3564,1922,369
1381,2447,2252,18,3296,2345,1578,2930,1025,2100,973,2288,4488,4136,3498,1204,1601,1419,4540,3352
951,672,2632,4588,4181,113,1194,3149,4418,629,951,2181,1771,672,1197,2632,1884,4588,4181,113
243,3361,3139,4567,4210,4659,2858,1426,2791,2196,243,4487,770,4064,4772,1886,4234,548,2269,3896
3381,1219,4476,3211,2267,816,252,4146,3099,1896,3381,1219,4110,1673,4318,1326,3241,1623,4476,2684
1843,1292,4583,1390,4537,1178,835,2274,534,4485,1843,2301,1292,4583,1390,4537,396,1178,835,1615
374,933,2187,576,4990,2835,1706,2406,1812,328,374,4471,1795,4503,3983,2247,933,4464,1076,269
1635,2101,1989,2768,312,413,3453,1176,2214,4096,1500,1635,2101,2464,1989,3399,1116,2768,2217,4933
593,4896,2904,847,195,1076,1825,3510,3983,1795,4478,593,1365,3120,2782,4896,1625,1776,2847,3191
3391,2864,3850,4025,568,4542,1302,70,2752,128,1301,3097,4650,1416,3450,2052,4033,1831,3703,4889
4484,735,2131,2085,1669,4062,2889,3313,4843,120,4484,735,2131,473,2085,249,3762,4439,369,4619
1234,3032,294,4081,3905,3697,1366,4805,1615,1715,2840,2623,4683,1234,3032,4647,3967,1453,2767,294
4928,1604,4395,2203,4679,675,2393,4119,3914,157,4928,2012,1604,2154,4395,3311,3398,2203,4972,2535
3940,1727,4875,707,3907,3130,4507,4170,2304,188,2036,2759,1034,2653,2886,467,2659,468,3940,3580
4911,1687,2873,1536,317,1637,2211,4836,4867,986,4911,1687,108,172,2873,459,2299,2380,3615,709
1804,4273,1022,3587,4895,131,3777,4827,4778,2677,546,4189,1804,3436,4273,759,1022,1108,3240,3176
679,4973,344,1802,3448,3612,3965,2312,654,4104,679,4973,344,1802,3512,3448,4900,3612,491,3965
2546,1361,2278,4691,392,976,486,4214,1826,789,1484,2465,2546,3984,2650,3712,1994,1799,4376,3945
1267,3783,4229,2157,2075,3601,1448,3353,424,289,1005,4040,1952,1267,2426,3144,1790,2062,1285,4658
1533,1492,1372,4096,1833,3373,2717,4819,2357,1793,1533,1492,1372,3894,63,4096,1833,3373,2717,3173
4767,3493,3361,4508,4793,733,2471,899,2180,4567,4767,1566,255,91,1839,3493,3361,226,1979,2510
4261,2090,3420,3234,3126,3291,2297,4017,123,4602,396,4659,4261,2090,294,1151,1615,4873,3032,1607
1634,2560,4048,924,4773,804,778,1651,1886,2163,2751,1810,1634,2560,2743,3939,4890,2438,4048,2195
3754,3665,2036,4534,3376,1985,554,1914,4590,324,1360,2271,3754,4327,1008,316,4170,2890,3935,2087
4255,518,4259,1031,2236,3095,1751,1899,4602,3445,4255,518,4259,1031,3944,4207,2236,2790,3690,2803
3530,4028,1304,570,3913,2361,1809,2615,4432,4898,3530,4028,1539,1304,570,4239,3913,2398,2361,1809
65,3120,4478,2597,2782,4606,2655,3709,4883,1385,3594,328,65,4990,2187,3657,1795,2247,1812,1093
1066,2877,4838,1387,1785,2447,3338,2878,1623,3143,1066,2877,4838,4775,1387,4286,660,678,4262,1785
4133,1525,1944,3417,2697,279,3069,3691,479,4031,4133,1525,1944,3417,2697,279,3069,3691,479,4031
4654,3464,3452,4514,386,3717,3121,1977,4460,2563,4654,3464,3452,4514,386,3717,3121,1977,4460,2563
1607,4968,4583,1188,1955,3050,358,1808,3001,3372,1607,57,4788,4968,2387,4728,396,4583,4667,1188
4704,922,3114,537,617,3241,4262,4286,1673,4980,4704,922,3114,537,617,4880,3241,4262,4286,1673
3750,2928,379,74,719,4954,497,2335,2398,2687,170,1627,3214,3750,2928,1457,379,431,74,519
2598,1115,1106,1455,3966,2724,4271,4211,2663,1997,3811,266,2598,696,3235,4251,3987,4014,3494,2414
1293,2448,2620,1938,2171,643,179,394,3216,373,1293,2448,2620,1938,767,2171,643,179,394,4056
74,1823,4551,2047,497,4826,1993,3291,2141,2466,1070,1444,74,2089,1823,4551,4050,3341,4183,2047
1955,534,358,1843,1960,2083,4583,1607,2779,1252,4017,2387,4234,3866,1955,534,770,358,728,1941
537,4205,3010,1900,2226,1794,1695,3729,2479,1759,3144,537,4205,3010,1900,2226,673,1794,3783,1243
2303,2772,449,2504,2095,4461,521,621,4720,1684,2303,2772,449,2504,2095,480,4461,3109,1573,996
3667,1246,3268,1190,1946,3403,3943,4153,4076,2681,3667,1246,2076,1542,3268,3400,3230,1190,1946,3403
4468,4762,2395,1358,3598,749,2420,2621,3872,427,1150,778,3165,3735,786,3348,763,1485,56,2818
1804,406,1022,2677,1521,44,3777,4026,4895,4273,3628,4042,3193,1945,1804,1987,546,4121,1892,406
89,2232,2307,968,1499,2733,2944,499,4556,1581,1662,396,4667,1607,89,923,4352,4968,57,1874
2720,3820,3787,4752,1329,2997,2178,2417,2397,2939,1332,3448,977,2168,679,1678,3484,1680,2312,4628
1301,4889,2563,3717,3121,3097,386,4654,3027,4514,1301,4889,2563,3717,3121,3097,386,4654,3027,4514
3596,498,859,2821,2309,832,1701,1287,747,4325,2900,3273,1451,4860,4350,3956,653,1772,101,3554
4925,954,4433,2229,629,2109,3745,1033,4982,3129,1749,4925,4639,2543,954,3414,3823,1645,112,635
2398,2071,1579,4239,34,379,1379,932,3572,4531,1539,2398,2071,2228,3912,170,1579,2607,2077,111
969,3426,4203,732,4019,4207,968,3138,2208,2944,4851,3630,2833,45,805,2803,2788,4259,3281,4943
1866,2362,2920,586,555,661,2924,3038,678,935,1772,3617,3596,3919,1073,1356,101,4465,4020,117
2483,1114,2933,46,2854,2448,465,4611,1241,3560,2483,1114,2933,46,2854,2448,465,4611,1241,3560
4713,837,201,159,4369,2058,493,3286,2680,1815,4713,1783,837,201,4090,3839,4869,774,3017,3411
898,1202,3307,816,3606,1191,3734,3211,1708,252,758,1593,2462,898,3835,1202,2777,75,687,3584
3653,1252,3367,2234,358,4293,3920,1843,534,2083,2432,3247,1854,43,4502,1223,4706,1838,908,1515
2647,1274,4561,952,566,283,1588,3542,2014,4927,488,4579,2647,1274,2006,3047,4561,4358,4265,1598
1947,2755,266,594,3190,2600,4364,3716,2522,3547,1947,2760,723,4695,1580,4120,395,3974,4032,1168
2847,1076,781,3909,4719,4471,3657,3506,4843,1795,1076,4471,3657,1795,3510,3983,933,65,847,4185
556,2874,1298,1733,3807,3526,1386,2115,1467,1275,3979,556,1801,2542,2874,1063,757,1298,4224,1733
4184,256,1887,1710,578,3387,1129,833,2272,3945,2976,1481,157,2468,167,4184,4928,317,2538,4836
3337,2007,1774,2950,1073,710,439,911,242,4783,426,4912,3337,438,4635,2092,2007,799,3210,4494
4272,2176,2330,176,2866,4548,282,4891,2385,3459,3463,4272,2386,2176,2146,1060,3166,4366,897,3325
3006,1064,2456,1080,1495,454,219,2612,1932,3925,3006,1064,2456,4115,1080,1495,4206,4845,3730,454
4016,1416,1251,1227,4921,4033,1126,4299,4650,2052,3044,4016,1416,1251,1227,4921,4033,1126,4299,4650
2543,2281,1568,2748,4420,1178,1677,3963,392,1145,3129,2543,9,2840,2281,1568,2943,2748,4854,1749
3516,1711,888,4004,2407,1041,1618,1429,2354,4745,3516,1711,888,659,1963,3041,1111,4004,3146,1052
4268,1557,3937,806,1848,1875,668,1924,3365,2027,3740,4534,4268,2419,2058,1557,3937,774,3130,134
4302,3116,848,2034,97,3256,2805,3181,1395,1997,4302,3116,848,784,428,2938,2107,1916,4284,2839
4432,1314,4190,1489,2431,2615,1667,570,2532,3575,4432,4678,1314,4190,1489,2431,2615,1972,1667,2141
2523,4291,1407,946,2018,2897,1095,3041,659,903,2523,4488,4291,1407,489,946,71,411,2018,2897
1149,4812,2300,4059,367,4341,3895,665,426,3978,2327,1149,4812,2300,2950,935,4059,367,1073,4341
4913,536,2021,2453,4326,4815,4584,2199,3690,3822,4604,4913,536,1492,4309,4096,1458,2416,2021,3416
4595,1615,294,1234,3944,3832,4081,3416,1465,3697,4759,4595,2208,536,3690,3844,4815,1615,835,1039
1569,3400,4876,3124,1456,2826,4971,4111,3520,4510,3667,1995,1858,4076,523,3468,481,1943,1946,3808
4275,3812,1622,3516,888,1711,4994,4004,564,2407,1961,2991,2855,4999,3075,2551,4661,2318,4227,2057
2128,4498,2286,1861,3576,992,3987,4252,4992,3804,4211,4450,2128,1860,261,756,2404,2754,4668,2598
601,1744,625,2973,4035,3530,2147,10,2721,1549,98,3595,1422,2163,1626,3841,1722,409,601,708
437,171,2386,1498,1725,175,429,4639,3515,3412,483,4891,3622,4127,4802,3988,3710,4297,1745,2084
1375,4714,3545,3835,3526,3363,1015,1851,780,1120,1375,4714,3545,3835,3526,1288,809,3363,3860,1015
1377,3612,4722,344,1739,2876,1802,4520,2403,798,1377,3612,4084,4722,344,4688,1739,3059,2876,1725
1311,2026,3016,1858,1452,2424,1721,164,3468,1503,658,2566,4876,4623,1946,4915,2637,1311,3982,380
4925,2415,944,2109,2828,3196,4433,4835,4729,1119,1634,786,3461,2818,2691,4048,1567,4322,3348,4641
778,3126,3093,2047,1651,3420,1309,123,3234,1346,4583,396,1281,4526,2195,778,3126,1536,1781,3093
1335,3067,891,4648,1207,579,3457,3873,858,3202,1335,2850,715,3473,3115,3067,891,768,1603,2384
4050,4916,923,2911,4886,1797,4817,4669,4667,4788,4151,4329,4050,4916,923,4968,2911,3487,1056,4152
2282,3781,4575,4286,3241,4494,922,1673,4857,2846,2282,2469,3781,691,1163,1896,637,252,816,4575
2748,1607,3372,56,1188,2806,4968,1808,826,2140,2748,2579,1607,3372,2621,56,4526,3234,1188,396
454,1495,219,3006,1080,2456,2612,1932,1765,1064,4845,4206,454,1495,3885,219,3006,4715,3730,4589
1364,2897,903,659,1299,1014,53,1174,4291,831,1364,2897,903,659,1299,3641,411,1014,53,1598
3272,4124,3782,864,4598,3877,1789,3918,4639,3204,4878,1664,3392,2068,549,4574,1059,147,2682,113
4717,3731,4070,495,4051,569,3978,4957,1149,1062,4717,3731,907,4070,495,4051,3230,569,3978,4957
662,391,3497,3440,2520,2179,3255,783,1674,3780,662,391,3497,3298,4079,3887,3440,2520,2179,3255
364,1065,2411,2715,463,3214,110,4417,697,435,364,3184,1627,4690,4807,170,4491,2858,2958,1065
3191,1776,3657,597,241,2737,3594,4464,2247,104,3191,1365,593,4478,1625,2782,1776,3120,847,4896
1780,1961,3670,2991,3686,2057,557,3756,4580,1229,1780,1961,1622,3670,2991,3686,2057,557,3756,4580
3334,2789,1029,2513,725,705,2239,1797,4916,2639,3334,4456,916,2789,1029,4587,1228,3399,2464,3603
1680,401,4735,755,381,2317,3059,1118,1179,801,1680,2366,401,4735,4628,1332,2559,4619,755,4857
460,2800,1748,4964,1021,3935,2337,1450,237,2912,460,2800,1748,1490,4363,3438,4806,2680,4547,3915
3950,3266,2423,3584,452,2877,3618,1025,926,3903,4731,3950,3266,2423,1840,4761,3584,4985,4927,452
146,564,4079,4505,3856,3226,4472,4598,1891,2401,146,564,2964,1172,3887,1643,622,3636,4079,2520
4160,2570,57,1180,3725,2301,4163,3575,3248,4061,1309,4583,4728,1536,88,3992,4160,3482,4707,3001
4063,2391,2891,2761,3184,1028,2567,22,3713,2770,4470,4063,899,226,4986,2391,4967,4417,2891,2442
4417,4986,110,4470,2013,2411,364,2268,697,1550,4749,4417,216,4690,4807,3333,2132,883,1061,4491
2431,1489,4190,803,2615,2532,974,4643,1314,205,2431,4678,1324,1489,90,2232,1471,3375,1086,4190
4040,3671,4371,3618,4115,3325,3393,673,114,3567,4985,4040,209,3671,1396,1137,4371,4229,3618,2456
4812,537,2172,3784,4698,4205,2300,523,1759,4116,3601,4812,537,2172,4708,3784,4698,4205,2300,523
664,3598,2420,3623,2395,4762,3980,3872,4468,4785,664,3598,2420,2685,3623,3735,2395,3899,4762,3980
189,4108,3075,4999,2005,1906,3670,1992,1362,1488,189,4108,3075,4999,2005,1906,3670,1992,1362,1488
315,4114,94,4353,480,855,1573,1901,86,3556,315,501,2979,197,4792,2544,996,575,462,4114
1943,3808,2763,4116,4698,2172,2160,787,29,4812,1943,3808,2763,4116,2277,4698,2172,2994,1503,910
4503,2292,2589,4471,388,551,2122,3028,3770,3301,4503,2966,2655,2292,2696,1767,2449,936,4185,374
49,4704,660,2892,3114,106,1673,3959,922,1876,49,4704,3782,4274,3210,433,660,2892,3114,106
369,2150,4283,3227,1096,3018,1419,3484,3857,1889,369,4439,4299,305,755,4628,3178,2150,478,4283
1285,4335,4180,3568,2402,3439,1220,225,4040,1952,1934,1511,3933,1689,645,1285,4150,1857,4721,2066
3545,3526,1864,3363,3835,1053,1531,4177,3864,3326,246,3545,4575,3526,1864,3734,3606,3363,1181,4554
1442,4541,951,290,2953,3472,4144,2048,2980,4982,1442,4541,1817,951,290,2953,2181,2609,3472,3081
2230,321,393,3038,1730,574,1832,3354,1933,1328,2897,1364,448,1052,4469,4045,775,3041,4472,2230
3351,93,319,2837,3972,4118,3231,143,2130,1040,3351,93,319,2837,3972,4118,3231,143,2130,1040
1844,3736,4334,1970,2903,1186,4082,1171,4714,2666,1242,1844,741,3736,4334,1970,4297,4546,2903,1186
3148,2229,3713,1879,4729,2132,2510,602,2296,3304,3148,3361,3957,3118,2229,255,3713,91,1075,1886
2142,4935,4143,1799,2344,3295,4376,4959,2293,3100,3127,636,4238,4422,3025,1182,4599,121,3793,2142
3266,2423,3950,1323,3819,452,225,3338,673,1245,3465,3266,2423,3950,4731,4146,2219,1323,3819,4204
2141,1269,1993,3126,123,2047,3420,3234,2610,368,2141,614,1269,1993,1281,1972,630,3126,1366,1094
2827,2218,2166,810,4572,4894,2057,4192,1475,4223,2827,2218,2166,4994,810,4572,4894,2057,4192,1475
157,4679,2976,1908,4928,1604,90,815,3831,1009,4972,3025,2538,915,2278,157,4679,4167,3863,3840
3898,1775,4943,271,1270,2986,3310,1690,1595,3249,3898,1775,4943,4568,271,1270,2986,3310,1690,4954
4444,119,1300,793,4828,3906,4099,3483,2040,2273,4444,2388,896,1382,3030,208,119,78,1054,1300
4709,296,3189,1405,2397,2026,982,432,797,1354,4649,4823,4709,2874,2763,1421,296,2974,1258,4748
1085,2114,2712,3124,2932,4532,143,2695,1954,214,1085,2114,2712,3124,2932,4532,143,2695,1542,4307
1767,4288,2966,2283,1469,2550,3523,4414,2250,381,2486,2122,1767,2449,2696,2906,388,4288,3672,4429
3526,3363,3029,3835,2462,1294,1851,3545,1053,556,3526,3363,3029,3835,2462,809,1294,1851,3606,3545
3087,4545,4768,684,2673,3926,4488,3498,2288,1620,1381,2595,3087,4545,4469,4768,684,973,2673,726
4300,985,1522,667,2490,1137,4985,3206,2255,3858,3393,4300,3325,187,985,1219,1392,437,1522,3710
4152,4551,2466,2141,3213,3291,1823,203,3431,3377,1070,2948,4050,4152,4551,2089,4556,2466,709,57
414,3750,4152,4551,3377,203,2466,1823,3213,2335,4669,414,3750,4152,4551,4151,3377,203,4050,2466
1952,3852,4371,167,4115,4040,114,1877,729,673,4634,102,851,1784,1978,1952,4073,1156,2635,4139
3060,4137,2574,4240,3581,2590,841,1445,830,2698,3060,4137,2574,4240,3581,2590,841,1445,830,2698
254,1486,4561,283,2014,2082,3828,2647,1041,4632,254,1486,1598,4561,488,2287,3641,283,1832,1701
1508,2656,4690,4807,920,3834,4217,609,956,4400,1508,2656,2616,2715,1065,1061,4690,4807,920,3834
1185,4177,4281,573,2645,2688,2829,1756,674,1864,3584,2423,1185,4603,4177,3307,3823,816,1202,1025
4728,396,445,4667,3341,3482,4727,88,4526,2396,4728,3001,89,396,4583,445,1281,57,4667,3992
4772,4264,1567,1276,3110,4138,504,3348,548,812,1597,4772,4264,2828,1567,539,944,4729,4105,902
3913,3725,2989,2933,2429,3560,1809,1241,46,3826,3913,1379,3725,2989,1520,2933,4929,2429,4948,3560
203,4551,74,3234,2141,881,2124,4602,2687,2335,203,4916,4788,872,3633,4551,3316,1778,4050,74
3646,435,4322,2733,110,463,154,2104,3187,1550,2968,2797,4128,4492,360,671,4558,548,2457,4615
3159,2538,1723,4935,2344,4672,4959,3113,2972,1610,4697,2436,394,3863,1312,767,4599,3159,772,2538
2474,4171,3317,4711,2014,1307,566,1147,4111,2647,3786,4332,1245,1122,4055,2413,3635,2474,4563,4402
2814,1721,720,8,1858,2424,2926,3946,1311,3727,970,3133,2765,3692,2316,2242,4011,2706,4701,4330
4398,3912,4564,2344,4662,4867,2412,3482,596,317,157,4190,77,3970,2532,4972,1679,3898,4643,4398
686,4420,1361,56,111,3066,2281,60,2088,3726,4441,686,349,1129,2742,4420,2430,3831,2412,2220
4424,4394,215,4427,990,3451,1339,4635,4757,650,4424,4394,215,2878,4427,4084,990,3451,3805,1218
4173,4507,443,3740,4753,707,3130,1727,1200,418,467,2653,3580,1630,3003,1526,2511,4173,3558,468
536,2453,4815,4023,4913,2021,2199,3690,4621,4456,536,2453,4815,4023,4595,4604,4913,2021,2199,2208
2456,2612,454,1495,1080,1064,3006,3968,1348,219,2456,2612,4371,4115,454,1495,1080,4845,1064,257
3722,557,391,3255,4227,1780,3948,1081,3497,783,3722,557,3887,391,3255,4227,1780,3948,1081,3497
1148,122,71,1620,4375,2162,1996,2596,777,3923,1729,2133,3207,1148,3991,4426,2038,633,2065,122
4219,3861,275,1979,4122,32,1717,792,2410,1818,4034,1742,2264,1509,3619,2891,1328,4192,2013,4673
4130,91,1197,1818,4641,792,2190,1757,1459,3118,4130,3080,91,1550,1197,1431,1818,4641,792,2190
3587,2977,44,1804,3357,1022,4778,4799,183,131,1752,2377,390,1222,2769,939,513,4629,2289,1892
2448,2483,2933,2171,1562,46,465,2989,2854,1114,2448,2483,2933,2171,1562,46,465,2989,2854,1114
3316,2211,4526,4788,4873,4669,4916,4050,656,396,3316,3633,3234,2141,2211,3785,203,4526,1615,4788
458,687,4623,750,2974,4841,1318,202,1649,4413,875,3366,458,3203,687,4007,4829,3585,1946,2749
3626,834,4085,1189,2591,2331,1965,3851,4320,3824,4434,4403,2473,1018,3626,834,370,1460,3588,119
3720,2243,1770,470,3508,193,4098,3695,4406,3312,3720,2243,1770,470,3678,3508,1721,92,8,193
201,4713,648,3102,493,159,837,4369,4610,3109,3705,1446,1693,2478,4186,744,3023,717,3035,1611
4153,4055,3943,25,1256,3268,4011,405,3692,3403,1245,4153,4055,3635,3943,25,4156,1256,1738,3268
2496,2866,176,3248,3459,2176,2883,4548,46,4061,3148,3221,4740,3647,558,641,3246,1641,1979,894
105,2891,3117,991,1742,2770,2264,3304,2510,4269,3067,858,3115,105,3389,2268,469,2891,1698,2359
1391,3936,4332,3230,4841,581,1542,842,3007,2076,4716,838,2424,3943,3891,164,4156,23,3521,1245
1818,2410,981,3636,792,32,275,3887,91,3333,4481,1818,2520,2410,981,2132,1550,580,622,3636
3249,4550,1775,271,4943,1675,761,4594,2986,3310,3249,4550,1234,968,1775,271,4943,1675,761,4594
3375,3004,1930,2334,1606,511,4399,3371,4678,1216,3375,3004,4961,1930,2334,4733,3969,2944,1606,803
4285,187,4336,2576,4802,1375,1396,780,3836,2534,4285,187,3988,3860,4336,2576,4802,2189,1375,3206
2335,74,4602,497,4954,203,4551,4826,2047,368,2335,74,1564,4602,497,2507,4954,4659,203,4551
618,200,2634,4020,2484,4586,4153,3544,264,4847,1381,4488,3087,4545,769,1474,71,1620,489,2523
4321,1604,786,2729,523,3010,1794,675,59,4205,4639,167,1137,1427,3323,4510,127,851,1784,3852
3641,1736,4535,4265,71,284,3923,4522,3891,3335,3641,1736,1598,3964,283,4680,1832,4495,2647,903
41,2240,4878,1664,113,711,3157,3801,3078,1229,41,2240,4878,1664,113,711,3157,819,3801,3078
1282,155,2052,4650,4033,1301,2741,3097,1416,1831,1282,155,2052,4650,4033,1301,2741,3097,1416,1831
4840,1052,4580,1961,2318,4231,1882,1959,3041,1174,4840,1052,4580,1961,2318,4231,1882,1959,3041,1174
