2221 150244.9688 	0
691 713485.5000 	0
3471 680824.5625 	0
1441 1807417.1250 	0
3775 800147.3125 	0
1528 278610.9375 	0
4212 868775.6875 	0
1279 0.0000 	0
3396 674443.8125 	0
605 514735.5313 	0
2772 1498378.7500 	0
1518 428869.7500 	0
869 267258.9688 	0
4602 1599657.2500 	0
4536 668610.9375 	0
4536 1463648.8750 	0
3102 571055.1250 	0
3471 677030.0000 	0
3052 2004626.1250 	0
1530 421478.5625 	0
2197 1425596.5000 	0
2688 1251217.6250 	0
4753 532859.9375 	0
283 894908.8125 	0
342 900884.6875 	0
666 479613.5313 	0
1312 1117644.1250 	0
3941 327051.7500 	0
1011 447030.8750 	0
3479 373355.7813 	0
3510 851176.0000 	0
10 1918504.1250 	0
127 144546.2344 	0
3373 650999.5000 	0
3317 254153.0469 	0
588 2369250.2500 	0
1647 1270746.3750 	0
1488 1037144.6250 	0
3549 786725.8750 	0
4739 1382327.1250 	0
4336 427988.0625 	0
2203 835858.7500 	0
3201 482951.1875 	0
53 567207.3750 	0
3612 9488.8271 	0
4191 1218123.7500 	0
2157 1485079.6250 	0
390 1188528.8750 	0
2919 645456.0000 	0
62 433734.8438 	0
2701 1050637.1250 	0
589 1625730.3750 	0
4829 161550.9375 	0
2530 1276821.2500 	0
4948 1298712.1250 	0
2336 443512.3125 	0
4107 1264197.5000 	0
3259 820815.3125 	0
1553 184849.6563 	0
2951 428372.0625 	0
3053 1588762.5000 	0
831 935139.6250 	0
3270 804930.6875 	0
2576 1426690.7500 	0
2350 360369.2500 	0
2815 1657443.6250 	0
1903 733416.0625 	0
1788 621240.5000 	0
4940 59286.7734 	0
1502 2076301.5000 	0
1019 409839.6875 	0
2501 1342974.6250 	0
1133 841482.0625 	0
70 589070.7500 	0
253 518388.8750 	0
4420 1206315.3750 	0
3383 597533.5000 	0
3794 566717.3750 	0
46 1155123.2500 	0
3102 594991.8750 	0
3387 239333.7188 	0
3962 391496.9063 	0
778 681746.0625 	0
4817 615994.0625 	0
2819 535200.0000 	0
422 0.0000 	0
4347 219201.6094 	0
3871 542194.4375 	0
2740 341951.9688 	0
3082 848442.8750 	0
1362 787891.3750 	0
1637 302086.7188 	0
1215 811291.3750 	0
219 356670.8750 	0
2168 485401.7813 	0
2161 540149.3125 	0
596 324512.6875 	0
3876 659392.6875 	0
2959 1979418.2500 	0
2241 867946.8750 	0
3471 740007.5625 	0
4956 684581.9375 	0
3412 277892.6250 	0
3317 476014.3750 	0
4847 1083602.1250 	0
4710 681860.9375 	0
3614 1435166.7500 	0
886 973447.9375 	0
1888 529721.0625 	0
917 1017139.0000 	0
4407 749228.9375 	0
4972 421548.9063 	0
2288 891837.8750 	0
1954 1481099.5000 	0
1953 344402.0313 	0
1403 0.0000 	0
2486 285139.3438 	0
4693 576894.7500 	0
3447 567200.0625 	0
3839 411830.4063 	0
3187 260287.1094 	0
4416 662812.7500 	0
1279 270955.6250 	0
4649 1082085.5000 	0
2146 145210.0313 	0
3568 400609.1875 	0
1616 820488.8125 	0
1904 730509.1875 	0
1560 963492.3750 	0
4797 322771.2813 	0
4851 1296330.6250 	0
3933 482295.1875 	0
3357 409683.4375 	0
4279 977678.4375 	0
4787 1432243.5000 	0
264 234134.6719 	0
3438 1283024.0000 	0
4423 967362.1250 	0
2646 735699.5625 	0
940 489024.2500 	0
2578 1524067.0000 	0
3121 1618074.0000 	0
4271 613033.0000 	0
3278 411749.3438 	0
2536 666967.8750 	0
59 1331826.3750 	0
3498 320888.8125 	0
4880 1566983.2500 	0
1750 1233409.1250 	0
3811 373318.7813 	0
4748 1528429.8750 	0
2005 853545.6250 	0
4231 608777.3750 	0
2293 482642.8750 	0
4005 709508.5000 	0
3414 907947.8125 	0
2992 597817.6875 	0
2224 1328627.8750 	0
2584 640721.9375 	0
1146 1976047.3750 	0
3708 3997.2610 	0
537 3319914.2500 	0
4926 908010.9375 	0
3831 2601586.5000 	0
308 330065.0938 	0
1589 28598.4902 	0
3604 1315998.5000 	0
1510 633849.2500 	0
3811 556700.8125 	0
1899 1294599.1250 	0
414 418794.1563 	0
4160 158336.3125 	0
2333 1163538.3750 	0
4672 1402190.7500 	0
1755 608321.0625 	0
1620 393474.1250 	0
3351 336404.2188 	0
484 1365739.5000 	0
1349 312650.5000 	0
230 1242306.8750 	0
3335 236926.2969 	0
3961 415133.2188 	0
13 850702.9375 	0
4944 511182.0000 	0
972 956735.5000 	0
3109 1477285.3750 	0
4187 963784.6875 	0
3083 1227670.6250 	0
4359 1494671.2500 	0
4709 595761.8750 	0
4777 2248561.7500 	0
682 769362.5000 	0
4093 543107.0000 	0
3335 399996.6563 	0
4956 437207.0938 	0
1840 821405.0000 	0
577 2517205.7500 	0
289 424794.7813 	0
4410 1378818.0000 	0
907 66725.6797 	0
4160 559959.9375 	0
3518 292167.6563 	0
2800 632791.5000 	0
1589 200692.6406 	0
2444 291491.3438 	0
4823 1385345.6250 	0
4131 690962.0625 	0
3343 2142348.5000 	0
3910 181553.1250 	0
3901 192410.7969 	0
4818 451815.2500 	0
429 256175.9063 	0
3069 158156.4219 	0
721 2186481.2500 	0
1670 1136434.2500 	0
3457 335331.1250 	0
3502 365448.7188 	0
2143 1623239.8750 	0
285 527167.6250 	0
1652 160455.8281 	0
1586 414939.2188 	0
372 388736.4375 	0
4290 560860.2500 	0
3062 610399.6250 	0
2327 768135.2500 	0
1353 387907.7813 	0
1169 307390.8750 	0
3764 1512632.1250 	0
427 1156159.8750 	0
261 1408426.7500 	0
2257 633437.8125 	0
2102 914369.1875 	0
4557 1736542.1250 	0
3964 795275.1250 	0
539 1540807.3750 	0
4511 1191976.0000 	0
1056 543330.1250 	0
420 600822.1250 	0
1841 954879.3750 	0
1014 456893.8750 	0
2017 1081950.5000 	0
3811 357502.5625 	0
3716 1200755.5000 	0
3284 499218.9063 	0
234 476216.3125 	0
2421 959405.2500 	0
4764 664569.1250 	0
2281 1874279.1250 	0
284 887416.7500 	0
2288 1034311.9375 	0
1384 266403.9063 	0
1467 719562.8125 	0
644 465570.1250 	0
1506 658073.0625 	0
327 1273892.2500 	0
1389 778066.7500 	0
715 823220.1875 	0
3375 941142.0000 	0
1476 762749.8125 	0
215 615574.5625 	0
1442 904701.7500 	0
4388 1022237.6875 	0
1939 817105.3125 	0
2840 551914.6250 	0
962 652325.7500 	0
4454 1249034.2500 	0
4206 156590.4375 	0
289 1217053.7500 	0
3003 665171.6250 	0
477 1587013.0000 	0
2664 1858863.7500 	0
4954 509137.6563 	0
3375 1318977.1250 	0
1032 876281.8750 	0
3552 1112422.3750 	0
4160 860307.9375 	0
4965 675916.8125 	0
642 1129268.5000 	0
1583 367318.6563 	0
357 452345.3750 	0
2964 1615964.8750 	0
229 522876.8125 	0
2028 327881.9688 	0
4734 448518.8750 	0
1982 564569.3750 	0
1518 166093.8750 	0
1523 589082.9375 	0
4457 349457.0938 	0
1637 544547.8125 	0
3457 198406.2500 	0
4339 279486.6875 	0
1532 688040.8750 	0
4710 1263355.0000 	0
4311 1001018.0625 	0
3335 191337.0625 	0
3858 0.0000 	0
4643 474313.1875 	0
3458 1832499.5000 	0
1494 1299968.1250 	0
438 1019827.5625 	0
1425 815293.0000 	0
2484 1682516.1250 	0
1009 487390.9375 	0
1697 188286.7813 	0
1316 745394.4375 	0
4339 202589.4688 	0
149 952246.1250 	0
685 527584.5000 	0
3403 682799.4375 	0
3016 1007379.5625 	0
1030 1105860.8750 	0
3676 606535.0000 	0
4517 705254.6875 	0
3601 793872.3750 	0
2654 497496.5000 	0
549 632213.1250 	0
922 904990.6875 	0
2009 445703.0000 	0
4004 1353060.8750 	0
1895 450411.3125 	0
4378 273984.6563 	0
2271 745539.0625 	0
2336 281848.5938 	0
4315 1438281.0000 	0
1472 916225.4375 	0
1576 640283.4375 	0
1194 984947.2500 	0
4446 629034.0000 	0
1281 345733.5313 	0
3969 1326485.1250 	0
1589 473799.9688 	0
3366 1247978.3750 	0
2548 1041453.0000 	0
3318 470446.3750 	0
4124 741998.4375 	0
2664 722999.6250 	0
252 975724.8125 	0
2771 674963.0000 	0
3998 502595.2188 	0
685 610054.8750 	0
4738 245488.1250 	0
2190 360132.9375 	0
1864 503501.3125 	0
4407 1580112.3750 	0
2366 734982.5000 	0
3481 2406786.5000 	0
3609 2537391.7500 	0
2444 729515.3125 	0
3962 806329.5000 	0
594 934875.9375 	0
269 338385.4375 	0
31 1476378.8750 	0
1974 61865.9219 	0
1111 269043.9063 	0
2745 200748.6250 	0
3397 1391815.3750 	0
3731 906421.3125 	0
4378 268248.5000 	0
80 1074020.0000 	0
4400 2459.2107 	0
4566 393933.6563 	0
2676 862248.4375 	0
2744 510091.3125 	0
2992 541346.8125 	0
152 1025128.1250 	0
4344 811112.9375 	0
4842 1233503.7500 	0
4741 281255.6875 	0
3172 1603677.0000 	0
3185 428620.6875 	0
3045 1775171.2500 	0
2660 621866.8125 	0
4643 927390.3750 	0
1211 1575174.6250 	0
2376 173382.6094 	0
1458 2292027.0000 	0
211 189547.1875 	0
496 1641005.2500 	0
1652 990007.6250 	0
4407 612521.2500 	0
2879 415809.0625 	0
1804 213188.7500 	0
2244 723466.0625 	0
558 1190701.7500 	0
4521 695189.1875 	0
701 1576734.0000 	0
918 470433.4063 	0
3330 1941896.0000 	0
656 793791.5625 	0
2931 544206.0000 	0
1731 1200176.5000 	0
4577 630581.8125 	0
1143 378951.4688 	0
4672 553740.6875 	0
4339 107190.7109 	0
1035 715043.5625 	0
4487 284991.8438 	0
3345 809225.1250 	0
4088 3430969.5000 	0
4290 503572.3438 	0
2837 273124.0000 	0
883 285639.8438 	0
867 202240.0938 	0
3980 993603.5625 	0
4809 812827.3750 	0
2457 673177.2500 	0
4849 1191074.5000 	0
143 898939.9375 	0
3471 420784.6563 	0
3476 166679.3750 	0
1507 1001578.3125 	0
4853 1212450.1250 	0
3861 141356.8750 	0
4004 900289.5625 	0
3813 190413.4063 	0
4271 816177.6875 	0
1202 28801.3262 	0
402 251864.0313 	0
3915 234423.5156 	0
2090 1664477.2500 	0
4727 1235144.0000 	0
2197 3270105.0000 	0
4472 1242776.5000 	0
513 976556.3125 	0
1028 646937.4375 	0
1913 1475727.5000 	0
394 930932.2500 	0
2925 709921.8125 	0
2156 278353.9688 	0
2346 1074418.3750 	0
3759 695191.6875 	0
4534 1261721.2500 	0
2745 384830.2188 	0
2406 636059.3125 	0
3709 985452.6875 	0
2551 542123.6875 	0
1595 633487.8125 	0
80 505328.5313 	0
4517 1589077.7500 	0
4536 427801.3750 	0
4356 1286676.1250 	0
1634 1955.3015 	0
4941 377174.5625 	0
783 308654.5313 	0
4483 0.0000 	0
3412 116707.1875 	0
3281 399259.9375 	0
622 652950.3750 	0
3527 1056912.8750 	0
857 735397.9375 	0
2632 186504.0938 	0
4396 1323224.0000 	0
1445 1643506.0000 	0
3212 718861.5625 	0
643 431440.1250 	0
649 2191901.5000 	0
841 1541879.6250 	0
3847 265617.7188 	0
4254 151079.7813 	0
4345 286761.9688 	0
1015 446420.8750 	0
4415 1079924.5000 	0
3327 771979.1250 	0
971 118259.2656 	0
4083 741801.6250 	0
4292 610143.5625 	0
2654 480657.5625 	0
2597 1390824.6250 	0
1738 915925.7500 	0
4188 2120335.0000 	0
3560 894669.5000 	0
4493 1642353.2500 	0
2503 306517.0938 	0
1245 1016459.8125 	0
1446 693684.5625 	0
2957 996786.6250 	0
3994 524085.5000 	0
492 470086.6875 	0
4459 370671.0625 	0
4759 433950.9375 	0
3048 599598.1875 	0
2315 1381283.1250 	0
1370 741180.6875 	0
2984 1188480.6250 	0
2743 703038.4375 	0
4937 1110998.7500 	0
3079 1476152.3750 	0
236 312050.3125 	0
4447 532182.3125 	0
3713 767068.3125 	0
2005 946972.7500 	0
2461 779077.1875 	0
4100 2218824.2500 	0
4218 1056987.2500 	0
4742 203828.6875 	0
3321 796898.2500 	0
942 350314.7188 	0
81 736883.1875 	0
3515 86217.1641 	0
3266 985597.8125 	0
1915 65883.7188 	0
759 849101.5625 	0
874 1580331.1250 	0
1065 1048235.6875 	0
1801 434729.8125 	0
4655 527823.6875 	0
274 1700887.3750 	0
3412 257797.1719 	0
1902 757645.5000 	0
4935 727638.4375 	0
3256 782893.3750 	0
1398 656133.8750 	0
3479 619852.1875 	0
12 658690.4375 	0
751 467829.5625 	0
3158 885672.8750 	0
1334 0.0000 	0
2638 914490.0625 	0
1325 1171667.0000 	0
4174 1354635.8750 	0
4592 1903849.5000 	0
4279 661314.1250 	0
4935 816996.3125 	0
638 329982.1250 	0
3544 1366041.1250 	0
4378 360774.2188 	0
1738 434597.3750 	0
4413 474808.0000 	0
3401 898809.6875 	0
799 575134.0625 	0
4925 289052.6250 	0
2840 1065448.8750 	0
4224 258589.6406 	0
1723 994941.0625 	0
2390 575805.9375 	0
4452 319981.1875 	0
1025 747721.6875 	0
3281 724808.8125 	0
4007 1067255.7500 	0
3650 245071.9219 	0
1617 635162.6875 	0
4685 864843.1875 	0
695 1417560.1250 	0
4043 1622166.5000 	0
4853 1024545.5625 	0
713 349387.7813 	0
4232 698035.3750 	0
715 599344.2500 	0
1277 592871.9375 	0
3022 306211.9688 	0
3350 150431.5781 	0
1589 299082.4688 	0
2720 832808.2500 	0
2564 1162133.7500 	0
1597 870181.2500 	0
1898 1135893.1250 	0
2444 559322.5000 	0
4607 588335.0625 	0
2733 743809.3750 	0
4443 0.0000 	0
4966 1345513.6250 	0
1084 0.0000 	0
3499 803793.6250 	0
1612 303926.9063 	0
1752 473276.4688 	0
4153 906908.6250 	0
3375 873830.6250 	0
2397 775144.8750 	0
432 841829.0625 	0
108 724051.0625 	0
1485 349374.2500 	0
1507 181258.9375 	0
2262 614759.5000 	0
2073 903323.0625 	0
256 1791106.7500 	0
350 650951.1250 	0
1390 1180932.1250 	0
3432 487280.9375 	0
3191 3286757.5000 	0
4951 1028809.5625 	0
512 482476.8438 	0
2110 579994.5625 	0
4738 701079.5000 	0
3994 364288.6563 	0
3487 1273112.1250 	0
4112 598961.8750 	0
4844 2855460.7500 	0
3463 357160.2188 	0
4845 414322.5625 	0
2000 1242122.6250 	0
3397 1182111.8750 	0
2444 267153.1875 	0
2848 1098676.0000 	0
1005 902847.1250 	0
771 1885098.8750 	0
1422 557637.8125 	0
2882 2023077.8750 	0
2830 509193.4063 	0
2885 768338.1875 	0
4464 415481.7500 	0
3412 532528.6875 	0
4238 1430077.5000 	0
1203 627097.3750 	0
3248 0.0000 	0
2333 330956.9375 	0
1388 197895.9531 	0
2816 2090082.1250 	0
2966 1431771.7500 	0
567 1036773.3125 	0
3640 0.0000 	0
235 598025.7500 	0
971 233457.8750 	0
681 249759.7813 	0
