2221 129891.0703 	0
691 618479.0625 	0
3046 577442.0625 	0
1072 1571223.2500 	0
3775 568521.1250 	0
1528 237316.4688 	0
4212 795647.4375 	0
1279 0.0000 	0
3396 491643.1250 	0
605 431500.1563 	0
661 1325115.6250 	0
2930 347171.3750 	0
4693 206680.9688 	0
3049 1259226.0000 	0
1346 591387.3750 	0
3289 1228327.1250 	0
3102 478420.6250 	0
3471 544137.5625 	0
3052 1758857.3750 	0
407 350663.2813 	0
2197 1099542.8750 	0
2688 1079259.7500 	0
4753 513202.4375 	0
4295 733598.4375 	0
342 778163.2500 	0
666 423273.3125 	0
328 994346.6875 	0
2931 292280.2188 	0
3423 250460.9219 	0
3479 276372.1875 	0
3510 772867.3750 	0
640 1778254.1250 	0
127 114112.9922 	0
3373 586823.4375 	0
3317 147822.0781 	0
4520 2093261.2500 	0
1647 1183349.3750 	0
1488 914532.5000 	0
3549 695188.2500 	0
4739 1271889.8750 	0
4336 388721.1563 	0
2203 769796.7500 	0
3201 364636.0000 	0
53 515826.4375 	0
3612 6838.2515 	0
4191 1097376.1250 	0
2157 1289565.1250 	0
390 945280.5000 	0
2919 517143.4688 	0
4374 346277.5938 	0
2701 969315.5000 	0
4817 1319650.8750 	0
4829 121562.3828 	0
859 1054131.6250 	0
4948 1112653.6250 	0
2336 424292.5625 	0
775 1093683.0000 	0
3259 652839.0000 	0
1553 156574.4375 	0
2951 376097.0000 	0
3664 1386825.2500 	0
1061 670451.7500 	0
3270 711921.3125 	0
2576 1147077.6250 	0
2350 306650.2500 	0
2815 1448337.5000 	0
1564 677344.1875 	0
1788 565398.3125 	0
4940 54613.4297 	0
1502 2029802.8750 	0
1019 340532.1563 	0
2501 1182550.0000 	0
1133 793543.6875 	0
70 531356.9375 	0
253 481668.2188 	0
4420 932493.1250 	0
3383 428649.0000 	0
3794 548183.8750 	0
46 1094532.1250 	0
3102 551431.5625 	0
3387 223291.3906 	0
3962 355654.0313 	0
4475 547420.3750 	0
4817 536821.1250 	0
2819 472670.0313 	0
422 0.0000 	0
4347 186554.9375 	0
3871 517112.8438 	0
2740 320328.2188 	0
3082 794767.4375 	0
4253 618377.7500 	0
1637 285865.5000 	0
1215 749428.8750 	0
219 325144.8125 	0
2168 469078.9063 	0
1888 479927.4688 	0
596 247543.4531 	0
4817 608984.5000 	0
2959 1841556.3750 	0
868 739988.1250 	0
3471 644738.3125 	0
2128 550995.8125 	0
3926 224360.8438 	0
3317 434958.9375 	0
3395 909401.3750 	0
51 570914.3750 	0
3614 942907.3125 	0
1516 869139.8125 	0
1384 395243.0313 	0
253 814171.0000 	0
4407 577598.7500 	0
4972 283339.0938 	0
2288 733866.5000 	0
1954 1344309.6250 	0
2837 298481.9375 	0
1403 0.0000 	0
4513 222041.5469 	0
4693 490126.3750 	0
3447 396559.4375 	0
3839 364205.6250 	0
3187 244114.3906 	0
4416 628257.6250 	0
1279 212717.9688 	0
4649 1026700.1875 	0
2146 129328.9844 	0
3568 362509.2813 	0
4527 719050.3125 	0
1904 596637.6250 	0
3678 851241.8125 	0
4797 266542.9375 	0
4851 1112758.0000 	0
3933 446155.2188 	0
3357 368568.7813 	0
4279 773924.4375 	0
2628 1133035.6250 	0
264 200830.5000 	0
2517 858014.8125 	0
4423 725182.8125 	0
2646 696041.3125 	0
940 466439.9688 	0
2578 1464358.1250 	0
113 1496574.6250 	0
4271 559517.5000 	0
3278 312286.7500 	0
2536 464718.8750 	0
59 1010417.1250 	0
3498 244333.9375 	0
4880 1347712.3750 	0
3594 1078461.2500 	0
3811 315389.0000 	0
4748 1364302.3750 	0
2005 647176.3750 	0
2869 467837.0000 	0
2293 434519.3438 	0
1979 620897.9375 	0
3414 822351.3750 	0
2992 492032.5313 	0
1260 1164263.6250 	0
2584 523406.1563 	0
1146 1834414.8750 	0
3708 3382.3352 	0
537 3064954.5000 	0
4926 780334.8125 	0
3831 2403366.7500 	0
308 288112.7500 	0
1589 22813.0898 	0
3604 1245778.6250 	0
1510 563674.9375 	0
23 494097.4375 	0
1899 1211713.3750 	0
414 359431.9688 	0
4160 140174.0938 	0
2333 1017948.9375 	0
208 1056224.8750 	0
1755 484013.3438 	0
1620 359671.5313 	0
3351 287304.5000 	0
484 1235667.3750 	0
1349 278967.0625 	0
998 999474.9375 	0
3335 213540.4844 	0
3961 327098.5938 	0
13 670327.8125 	0
4944 353710.0625 	0
972 812552.4375 	0
3109 1309491.8750 	0
4187 851199.0625 	0
991 893196.3750 	0
4359 1302555.0000 	0
4709 542173.0000 	0
4777 1847114.8750 	0
682 685121.1250 	0
4093 493130.9688 	0
2729 261916.6094 	0
4956 275230.1250 	0
4769 555567.3125 	0
3646 2212310.0000 	0
125 293514.0000 	0
3260 1151931.7500 	0
907 63167.2734 	0
2198 517380.9063 	0
3518 222739.0313 	0
1748 585491.6250 	0
1589 148163.6719 	0
2444 258648.6719 	0
3962 1210737.8750 	0
671 606186.0625 	0
2215 1925921.3750 	0
3910 151609.5938 	0
3901 164339.3750 	0
4818 335246.0625 	0
429 223838.0469 	0
3069 146489.4219 	0
721 1957811.7500 	0
1670 897000.5625 	0
1185 311979.0000 	0
3502 343864.5938 	0
2143 1425705.5000 	0
285 430422.1875 	0
1652 140186.8594 	0
1586 317516.8125 	0
372 304401.0000 	0
4290 537145.3125 	0
3062 565891.9375 	0
2327 620767.6875 	0
1353 354284.3438 	0
1169 277446.7188 	0
3764 1403077.7500 	0
4545 982323.9375 	0
261 1234603.3750 	0
192 562293.0625 	0
2280 812857.0625 	0
4557 1656546.8750 	0
3964 753381.5000 	0
539 1460240.6250 	0
4511 1060241.5000 	0
1056 452472.9688 	0
768 525053.3125 	0
4266 616230.5625 	0
1014 287313.8125 	0
1264 736453.6875 	0
3811 322060.3750 	0
823 782681.7500 	0
3284 382996.6250 	0
1841 369531.9063 	0
2421 865156.6875 	0
4764 630160.1875 	0
2281 1619756.3750 	0
87 715861.3750 	0
2288 969995.1875 	0
1384 209647.8906 	0
1467 575272.1875 	0
644 408128.0625 	0
1506 589595.6875 	0
327 1189886.6250 	0
1389 710642.0000 	0
715 707350.8750 	0
2521 839090.8125 	0
1476 704627.4375 	0
215 525203.1250 	0
1442 830398.0625 	0
4388 954028.3125 	0
1939 590669.5625 	0
2840 476211.0625 	0
962 552928.4375 	0
4454 969865.2500 	0
4206 119129.2266 	0
4214 931569.5000 	0
2940 614919.5625 	0
477 1443724.2500 	0
2664 1589095.5000 	0
4954 475071.2500 	0
3375 1236853.1250 	0
1032 822728.0625 	0
3552 1067691.1250 	0
3607 714019.3750 	0
4965 625965.1875 	0
642 1044288.3125 	0
1583 343216.9688 	0
357 361103.4063 	0
2964 1411122.1250 	0
4941 427301.5313 	0
2028 290781.6250 	0
751 392833.9688 	0
1982 400444.4063 	0
1518 122806.1563 	0
1523 511264.6875 	0
4457 285574.4063 	0
1637 514181.0000 	0
3457 152807.3438 	0
2256 247523.0313 	0
1532 518007.6250 	0
4710 954645.7500 	0
4311 807385.7500 	0
3335 159066.2969 	0
3858 0.0000 	0
4643 334297.3125 	0
3458 1567355.3750 	0
1494 1207532.7500 	0
438 916087.2500 	0
1006 716957.3750 	0
2484 1598761.0000 	0
4032 308987.5000 	0
1697 169504.7656 	0
353 722110.3125 	0
4339 170718.5469 	0
149 843076.0625 	0
685 471112.4375 	0
3403 639524.3125 	0
3016 941098.5000 	0
1030 887681.6875 	0
2635 491783.1563 	0
4517 630511.6875 	0
3601 704228.7500 	0
2654 460862.3750 	0
4197 513348.9063 	0
922 677589.3125 	0
2009 376857.3125 	0
4004 1218977.8750 	0
1895 347884.5000 	0
4378 190196.6094 	0
2271 553728.1875 	0
2336 221406.9844 	0
4315 1285035.0000 	0
1472 778335.5625 	0
1576 446899.5313 	0
1194 791317.0625 	0
4446 494163.8438 	0
1281 246008.2500 	0
4124 1257680.3750 	0
1330 403102.9688 	0
1193 1115920.0000 	0
4635 827149.8125 	0
3318 458137.5000 	0
4124 628828.8750 	0
2664 660883.7500 	0
252 796815.2500 	0
2771 577312.0000 	0
3998 433547.4375 	0
685 506155.5938 	0
4738 160526.2656 	0
2190 326281.8125 	0
1864 319898.0000 	0
4407 1270086.3750 	0
2366 560417.7500 	0
3481 2271031.0000 	0
4567 2181502.2500 	0
2444 667830.8125 	0
8 586837.1250 	0
594 886502.5000 	0
269 256641.2656 	0
31 1362622.2500 	0
1974 52589.3984 	0
1111 161833.7500 	0
2745 158902.5938 	0
3397 1219008.6250 	0
3731 836838.0000 	0
4378 235269.2813 	0
80 975195.8125 	0
4400 1852.4927 	0
4566 325693.6875 	0
2676 774969.4375 	0
3047 388678.2500 	0
2992 424983.0000 	0
152 879622.0000 	0
4344 657316.4375 	0
4842 1014438.2500 	0
4741 250382.4844 	0
363 979465.5625 	0
3185 347811.3438 	0
3045 1662717.7500 	0
4833 592631.8750 	0
1990 796974.2500 	0
1211 1414659.1250 	0
2376 160027.0938 	0
66 1981004.8750 	0
211 154411.7969 	0
496 1438666.7500 	0
2789 870291.6875 	0
4407 594941.5000 	0
2879 379633.4688 	0
1804 174369.9688 	0
2244 608450.4375 	0
2923 945901.3125 	0
4521 677328.3750 	0
701 1342224.6250 	0
918 413906.2813 	0
2050 1765541.0000 	0
3485 636570.6875 	0
3941 479520.6875 	0
954 1077100.8750 	0
4577 558598.6250 	0
1143 247275.1719 	0
3779 420347.7500 	0
4339 84473.1797 	0
1035 635219.3125 	0
4487 250570.4219 	0
2775 618288.5625 	0
4088 3295007.2500 	0
4290 470426.8750 	0
2837 211916.8906 	0
883 262214.1563 	0
867 181350.3281 	0
3980 758376.5625 	0
4809 740053.8125 	0
690 576765.4375 	0
1333 892863.3125 	0
4415 757912.8125 	0
3471 330893.1563 	0
3476 143107.4375 	0
3541 752617.3125 	0
4853 1169552.8750 	0
3861 127931.0156 	0
4100 746913.1875 	0
3813 174179.0938 	0
4271 746283.9375 	0
1202 28567.2793 	0
402 235365.7500 	0
3915 213137.7500 	0
2090 1515244.1250 	0
4727 1016684.6250 	0
453 2955742.2500 	0
1349 933107.4375 	0
513 655148.6875 	0
4008 567645.4375 	0
1913 1167547.8750 	0
394 810936.6875 	0
2931 639440.6875 	0
2156 250295.7344 	0
2716 1006729.1875 	0
3759 580808.1875 	0
3356 892661.2500 	0
2745 281170.2813 	0
2406 511962.3438 	0
3709 906045.2500 	0
2551 479600.5938 	0
2770 439883.5313 	0
1525 456609.0313 	0
3806 1509187.7500 	0
4536 370916.5938 	0
4356 1086766.6250 	0
1634 1829.8733 	0
4941 353560.3750 	0
3770 258744.1563 	0
4483 0.0000 	0
3412 107931.7969 	0
3300 277436.6875 	0
622 548804.3125 	0
3905 992719.1875 	0
896 427471.7500 	0
2632 128992.3125 	0
4396 925053.5000 	0
4149 1545771.8750 	0
996 588548.8750 	0
643 374541.0938 	0
649 2034827.6250 	0
4764 1422745.7500 	0
3847 250124.0469 	0
4254 146277.9063 	0
4345 228151.0469 	0
493 401262.7813 	0
4415 903498.2500 	0
3327 723391.0000 	0
971 108003.6641 	0
4083 614417.0000 	0
4703 465081.2813 	0
2654 418048.6250 	0
2250 1270238.2500 	0
1738 664399.0625 	0
4188 1990233.2500 	0
3560 771457.0000 	0
4493 1574520.1250 	0
2503 259690.5156 	0
1245 742120.6875 	0
1446 633688.1875 	0
1831 829334.0625 	0
1620 430535.5313 	0
492 373796.6875 	0
306 275542.3125 	0
3770 373667.5000 	0
3048 539710.8125 	0
1551 1148269.8750 	0
1370 662617.8125 	0
2984 1049867.1250 	0
2290 536861.8750 	0
4937 795487.0000 	0
3079 1389367.3750 	0
236 265620.7813 	0
4447 492184.2500 	0
3713 666369.1875 	0
4127 745513.6250 	0
2461 712009.3125 	0
4100 1991945.5000 	0
4218 1005695.1250 	0
4742 178063.2969 	0
2319 726849.0625 	0
942 324086.9063 	0
81 686558.3125 	0
3515 59201.0117 	0
3266 846384.8125 	0
1915 60098.8125 	0
759 790995.6250 	0
2251 1053646.6250 	0
1937 726038.1875 	0
535 385403.0938 	0
4655 504215.9688 	0
274 1437243.7500 	0
3412 205566.5313 	0
905 695803.1875 	0
4935 647640.7500 	0
3256 579188.3125 	0
1840 589651.9375 	0
3479 561039.6250 	0
1380 489118.2813 	0
3412 336889.9688 	0
3158 756368.2500 	0
1334 0.0000 	0
1799 811151.1250 	0
1325 920285.3125 	0
4174 1215547.1250 	0
4592 1602891.5000 	0
4279 589617.3750 	0
1047 732001.5000 	0
3278 306095.3125 	0
2261 1238790.3750 	0
4378 319861.0313 	0
2451 350548.8438 	0
2626 358021.1250 	0
3401 858323.6875 	0
834 459747.5938 	0
4925 265858.5625 	0
2840 868270.3125 	0
4224 232388.2031 	0
1723 939192.7500 	0
2390 446589.7500 	0
4452 278702.6250 	0
1025 670989.7500 	0
3281 643046.1250 	0
200 853419.0000 	0
3650 178002.6094 	0
1617 472610.4375 	0
4685 812816.6250 	0
2728 1392310.1250 	0
4043 1459705.7500 	0
4853 979739.5000 	0
713 313053.1563 	0
4232 416809.5625 	0
1917 489955.1250 	0
529 438254.2500 	0
3022 259160.6875 	0
3350 129255.2109 	0
3135 234549.8750 	0
2720 584563.7500 	0
2564 1013224.5625 	0
3851 577898.5625 	0
1498 956093.8125 	0
2444 496012.0625 	0
4607 483783.4375 	0
3160 552916.9375 	0
4443 0.0000 	0
4966 1197938.8750 	0
1084 0.0000 	0
3499 662696.4375 	0
1612 280906.4375 	0
1752 455608.8750 	0
4153 717057.1875 	0
1100 780685.9375 	0
2397 746478.4375 	0
432 795535.0000 	0
108 490573.2500 	0
1485 300525.0938 	0
776 152174.5625 	0
2262 584559.8125 	0
2073 782850.8125 	0
256 1473185.1250 	0
1874 587400.3750 	0
1390 994375.1875 	0
3432 439543.5000 	0
3191 2829503.0000 	0
4951 887699.5625 	0
1061 323014.1563 	0
2110 519243.1563 	0
4738 444597.3125 	0
3994 295612.4063 	0
3487 1101835.3750 	0
3806 482068.2813 	0
4844 2285114.5000 	0
4738 272668.5938 	0
4845 352163.2813 	0
4971 1127321.8750 	0
3397 1076098.3750 	0
2444 224552.9844 	0
4393 931199.0625 	0
1005 749605.0000 	0
771 1581411.8750 	0
1422 524881.5000 	0
2882 1941090.1250 	0
3356 446655.3438 	0
2885 617768.9375 	0
4464 390819.5000 	0
1349 474288.7500 	0
4238 1313040.8750 	0
1203 406678.3438 	0
3248 0.0000 	0
2333 297903.5313 	0
1388 187349.6719 	0
2816 1886261.7500 	0
1987 1365794.0000 	0
3190 975585.9375 	0
3640 0.0000 	0
235 509996.1250 	0
971 209978.8594 	0
681 222627.8438 	0
